[ 7.76929826e-11  6.16323207e-07  1.78274951e-04  3.53149936e-04
  5.22717204e-04  6.86933108e-04  8.46557600e-04  1.00252848e-03
  1.15565563e-03 -1.30656525e-03 -1.45573251e-03  1.60350963e-03
  1.75016704e-03  1.89590905e-03  2.04089663e-03 -2.18525439e-03
 -2.32908245e-03  2.47245996e-03  2.61545137e-03  2.75810852e-03
 -2.90047410e-03 -3.04258294e-03  3.18446394e-03 -3.32614099e-03
  3.46763405e-03  3.60895978e-03  3.75013217e-03 -3.89116299e-03
 -4.03206217e-03 -4.17283809e-03 -4.31349786e-03 -4.45404748e-03
 -4.59449202e-03 -4.73483578e-03  4.87508239e-03  5.01523488e-03
  5.15529580e-03 -5.29526728e-03 -5.43515105e-03  5.57494852e-03
  5.71466085e-03  5.85428890e-03 -5.99383335e-03  6.13329468e-03
  6.27267317e-03  6.41196899e-03  6.55118214e-03 -6.69031254e-03
 -6.82935995e-03  6.96832409e-03 -7.10720455e-03 -7.24600087e-03
 -7.38471250e-03  7.52333885e-03 -7.66187925e-03  7.80033299e-03
 -7.93869932e-03 -8.07697743e-03  8.21516649e-03 -8.35326562e-03
  8.49127391e-03 -8.62919043e-03  8.76701422e-03 -8.90474429e-03
  9.04237962e-03  9.17991920e-03  9.31736196e-03  9.45470685e-03
 -9.59195277e-03  9.72909863e-03 -9.86614333e-03 -1.00030857e-02
 -1.01399247e-02  1.02766591e-02  1.04132877e-02  1.05498095e-02
  1.06862231e-02 -1.08225275e-02 -1.09587215e-02  1.10948038e-02
  1.12307733e-02 -1.13666287e-02  1.15023688e-02 -1.16379925e-02
  1.17734984e-02  1.19088854e-02  1.20441522e-02  1.21792976e-02
 -1.23143204e-02 -1.24492193e-02 -1.25839931e-02  1.27186404e-02
 -1.28531602e-02 -1.29875511e-02  1.31218119e-02  1.32559412e-02
 -1.33899380e-02 -1.35238009e-02  1.36575286e-02  1.37911198e-02
 -1.39245735e-02 -1.40578881e-02  1.41910626e-02 -1.43240957e-02
  1.44569860e-02 -1.45897323e-02 -1.47223334e-02  1.48547879e-02
  1.49870947e-02  1.51192525e-02  1.52512599e-02 -1.53831158e-02
  1.55148188e-02 -1.56463678e-02  1.57777613e-02  1.59089983e-02
 -1.60400774e-02  1.61709973e-02 -1.63017568e-02 -1.64323547e-02
 -1.65627896e-02 -1.66930603e-02  1.68231656e-02  1.69531042e-02
  1.70828748e-02  1.72124762e-02 -1.73419072e-02 -1.74711664e-02
  1.76002526e-02  1.77291647e-02  1.78579012e-02  1.79864610e-02
 -1.81148428e-02  1.82430454e-02 -1.83710676e-02 -1.84989080e-02
  1.86265654e-02  1.87540387e-02 -1.88813265e-02 -1.90084277e-02
  1.91353409e-02 -1.92620650e-02 -1.93885987e-02 -1.95149408e-02
 -1.96410900e-02  1.97670451e-02 -1.98928049e-02  2.00183682e-02
  2.01437338e-02  2.02689003e-02 -2.03938666e-02  2.05186315e-02
 -2.06431938e-02 -2.07675522e-02  2.08917055e-02 -2.10156525e-02
 -2.11393920e-02  2.12629229e-02 -2.13862437e-02  2.15093535e-02
  2.16322509e-02 -2.17549348e-02 -2.18774040e-02 -2.19996572e-02
  2.21216933e-02  2.22435110e-02  2.23651093e-02 -2.24864868e-02
 -2.26076425e-02 -2.27285750e-02  2.28492833e-02  2.29697662e-02
 -2.30900224e-02  2.32100508e-02  2.33298502e-02 -2.34494195e-02
 -2.35687574e-02 -2.36878628e-02  2.38067346e-02 -2.39253715e-02
  2.40437725e-02  2.41619362e-02  2.42798617e-02 -2.43975477e-02
  2.45149930e-02  2.46321966e-02 -2.47491573e-02 -2.48658738e-02
  2.49823452e-02  2.50985702e-02 -2.52145476e-02 -2.53302765e-02
  2.54457555e-02 -2.55609837e-02  2.56759598e-02  2.57906827e-02
  2.59051513e-02 -2.60193645e-02 -2.61333212e-02 -2.62470202e-02
 -2.63604604e-02 -2.64736407e-02 -2.65865601e-02 -2.66992173e-02
 -2.68116113e-02 -2.69237409e-02 -2.70356052e-02 -2.71472029e-02
 -2.72585330e-02  2.73695944e-02 -2.74803860e-02 -2.75909067e-02
  2.77011554e-02  2.78111310e-02 -2.79208325e-02 -2.80302588e-02
 -2.81394088e-02 -2.82482814e-02 -2.83568756e-02 -2.84651903e-02
  2.85732244e-02 -2.86809769e-02  2.87884467e-02  2.88956327e-02
 -2.90025340e-02 -2.91091493e-02  2.92154778e-02 -2.93215184e-02
 -2.94272700e-02  2.95327315e-02  2.96379020e-02 -2.97427804e-02
  2.98473656e-02 -2.99516567e-02 -3.00556526e-02  3.01593524e-02
  3.02627549e-02  3.03658591e-02  3.04686641e-02 -3.05711689e-02
  3.06733723e-02 -3.07752735e-02  3.08768714e-02 -3.09781651e-02
 -3.10791534e-02  3.11798355e-02 -3.12802103e-02  3.13802769e-02
 -3.14800343e-02  3.15794815e-02  3.16786174e-02  3.17774412e-02
 -3.18759519e-02 -3.19741485e-02 -3.20720300e-02  3.21695954e-02
 -3.22668439e-02 -3.23637745e-02 -3.24603861e-02 -3.25566779e-02
  3.26526488e-02 -3.27482981e-02  3.28436246e-02 -3.29386276e-02
  3.30333059e-02 -3.31276588e-02 -3.32216853e-02  3.33153844e-02
 -3.34087553e-02  3.35017970e-02  3.35945086e-02 -3.36868892e-02
 -3.37789379e-02  3.38706537e-02 -3.39620359e-02  3.40530834e-02
 -3.41437954e-02  3.42341709e-02  3.43242092e-02  3.44139093e-02
 -3.45032703e-02  3.45922914e-02 -3.46809716e-02 -3.47693102e-02
  3.48573062e-02  3.49449587e-02 -3.50322670e-02 -3.51192301e-02
  3.52058472e-02  3.52921174e-02  3.53780399e-02 -3.54636139e-02
 -3.55488385e-02  3.56337128e-02  3.57182361e-02 -3.58024074e-02
  3.58862261e-02 -3.59696911e-02  3.60528018e-02 -3.61355573e-02
 -3.62179568e-02  3.62999995e-02 -3.63816845e-02  3.64630112e-02
 -3.65439785e-02 -3.66245859e-02 -3.67048324e-02 -3.67847174e-02
  3.68642399e-02 -3.69433992e-02  3.70221946e-02 -3.71006253e-02
  3.71786904e-02  3.72563893e-02  3.73337211e-02  3.74106851e-02
 -3.74872806e-02  3.75635068e-02  3.76393629e-02 -3.77148482e-02
 -3.77899619e-02  3.78647033e-02 -3.79390718e-02  3.80130664e-02
 -3.80866866e-02 -3.81599316e-02 -3.82328006e-02 -3.83052930e-02
 -3.83774080e-02  3.84491450e-02  3.85205032e-02  3.85914819e-02
  3.86620804e-02 -3.87322980e-02 -3.88021341e-02  3.88715879e-02
 -3.89406588e-02 -3.90093461e-02 -3.90776491e-02 -3.91455671e-02
  3.92130995e-02 -3.92802456e-02  3.93470047e-02 -3.94133763e-02
 -3.94793595e-02  3.95449539e-02 -3.96101586e-02  3.96749732e-02
 -3.97393969e-02 -3.98034292e-02 -3.98670693e-02  3.99303167e-02
  3.99931708e-02  4.00556309e-02 -4.01176964e-02  4.01793666e-02
  4.02406411e-02  4.03015192e-02 -4.03620003e-02 -4.04220837e-02
 -4.04817690e-02  4.05410555e-02 -4.05999426e-02  4.06584298e-02
 -4.07165164e-02  4.07742020e-02 -4.08314858e-02 -4.08883675e-02
 -4.09448464e-02  4.10009219e-02 -4.10565936e-02 -4.11118608e-02
  4.11667230e-02  4.12211797e-02 -4.12752303e-02 -4.13288743e-02
 -4.13821113e-02 -4.14349405e-02  4.14873616e-02  4.15393741e-02
 -4.15909773e-02  4.16421708e-02  4.16929542e-02  4.17433268e-02
  4.17932882e-02 -4.18428379e-02 -4.18919755e-02 -4.19407004e-02
  4.19890121e-02 -4.20369102e-02 -4.20843943e-02  4.21314638e-02
 -4.21781182e-02 -4.22243572e-02 -4.22701802e-02  4.23155869e-02
 -4.23605767e-02 -4.24051493e-02 -4.24493041e-02 -4.24930408e-02
  4.25363589e-02 -4.25792580e-02  4.26217377e-02 -4.26637975e-02
  4.27054371e-02  4.27466560e-02 -4.27874538e-02  4.28278301e-02
  4.28677846e-02 -4.29073168e-02 -4.29464263e-02 -4.29851128e-02
  4.30233759e-02  4.30612152e-02 -4.30986303e-02 -4.31356209e-02
  4.31721866e-02  4.32083270e-02  4.32440417e-02  4.32793306e-02
  4.33141931e-02  4.33486289e-02 -4.33826377e-02 -4.34162192e-02
  4.34493731e-02  4.34820989e-02  4.35143964e-02 -4.35462653e-02
  4.35777053e-02 -4.36087160e-02 -4.36392971e-02 -4.36694484e-02
  4.36991695e-02  4.37284602e-02  4.37573202e-02 -4.37857491e-02
 -4.38137467e-02 -4.38413127e-02 -4.38684469e-02  4.38951490e-02
  4.39214187e-02 -4.39472557e-02  4.39726599e-02  4.39976309e-02
  4.40221686e-02 -4.40462726e-02 -4.40699428e-02  4.40931788e-02
  4.41159805e-02  4.41383477e-02 -4.41602801e-02  4.41817775e-02
 -4.42028397e-02 -4.42234666e-02  4.42436578e-02 -4.42634132e-02
  4.42827326e-02 -4.43016158e-02  4.43200626e-02 -4.43380729e-02
 -4.43556464e-02 -4.43727831e-02  4.43894826e-02  4.44057449e-02
  4.44215698e-02 -4.44369572e-02  4.44519068e-02  4.44664186e-02
 -4.44804924e-02  4.44941281e-02 -4.45073255e-02 -4.45200845e-02
 -4.45324049e-02  4.45442868e-02  4.45557298e-02  4.45667340e-02
  4.45772992e-02 -4.45874253e-02  4.45971122e-02  4.46063599e-02
  4.46151681e-02 -4.46235370e-02 -4.46314662e-02  4.46389559e-02
  4.46460058e-02 -4.46526160e-02  4.46587864e-02  4.46645169e-02
 -4.46698074e-02  4.46746580e-02 -4.46790685e-02 -4.46830389e-02
 -4.46865692e-02 -4.46896593e-02 -4.46923092e-02  4.46945189e-02
  4.46962884e-02 -4.46976177e-02  4.46985066e-02  4.46989553e-02
  4.46989637e-02  4.46985319e-02  4.46976597e-02  4.46963473e-02
  4.46945946e-02 -4.46924017e-02  4.46897686e-02  4.46866953e-02
  4.46831819e-02  4.46792283e-02  4.46748346e-02 -4.46700009e-02
  4.46647272e-02 -4.46590136e-02  4.46528601e-02 -4.46462667e-02
  4.46392336e-02 -4.46317608e-02  4.46238484e-02 -4.46154965e-02
 -4.46067051e-02  4.45974744e-02 -4.45878043e-02 -4.45776951e-02
 -4.45671468e-02 -4.45561596e-02 -4.45447335e-02 -4.45328686e-02
 -4.45205651e-02 -4.45078230e-02  4.44946426e-02 -4.44810239e-02
  4.44669671e-02  4.44524723e-02  4.44375397e-02  4.44221693e-02
 -4.44063615e-02  4.43901162e-02  4.43734337e-02 -4.43563141e-02
  4.43387577e-02  4.43207645e-02 -4.43023348e-02  4.42834687e-02
 -4.42641665e-02  4.42444282e-02 -4.42242542e-02 -4.42036445e-02
 -4.41825995e-02 -4.41611193e-02  4.41392042e-02 -4.41168543e-02
  4.40940698e-02 -4.40708510e-02  4.40471982e-02  4.40231115e-02
 -4.39985912e-02 -4.39736376e-02  4.39482508e-02  4.39224311e-02
 -4.38961789e-02 -4.38694942e-02  4.38423775e-02 -4.38148290e-02
  4.37868489e-02  4.37584375e-02  4.37295951e-02  4.37003220e-02
  4.36706185e-02 -4.36404849e-02 -4.36099214e-02  4.35789283e-02
  4.35475061e-02 -4.35156549e-02  4.34833752e-02 -4.34506671e-02
 -4.34175311e-02 -4.33839674e-02 -4.33499764e-02 -4.33155585e-02
 -4.32807139e-02 -4.32454431e-02  4.32097463e-02  4.31736239e-02
 -4.31370762e-02 -4.31001037e-02 -4.30627067e-02  4.30248856e-02
 -4.29866407e-02  4.29479724e-02 -4.29088811e-02 -4.28693671e-02
  4.28294310e-02  4.27890730e-02  4.27482935e-02 -4.27070930e-02
 -4.26654719e-02 -4.26234305e-02 -4.25809694e-02  4.25380888e-02
 -4.24947893e-02  4.24510713e-02 -4.24069351e-02 -4.23623812e-02
 -4.23174102e-02  4.22720223e-02  4.22262181e-02  4.21799980e-02
 -4.21333624e-02 -4.20863119e-02  4.20388468e-02 -4.19909678e-02
  4.19426751e-02  4.18939693e-02 -4.18448509e-02 -4.17953204e-02
  4.17453783e-02 -4.16950249e-02 -4.16442610e-02 -4.15930868e-02
 -4.15415031e-02  4.14895101e-02  4.14371086e-02  4.13842989e-02
 -4.13310816e-02 -4.12774573e-02  4.12234264e-02  4.11689895e-02
 -4.11141471e-02 -4.10588998e-02  4.10032482e-02  4.09471926e-02
 -4.08907338e-02  4.08338723e-02  4.07766086e-02  4.07189433e-02
 -4.06608769e-02  4.06024101e-02 -4.05435434e-02 -4.04842774e-02
 -4.04246127e-02 -4.03645498e-02 -4.03040894e-02  4.02432320e-02
 -4.01819783e-02  4.01203289e-02  4.00582843e-02 -3.99958452e-02
  3.99330122e-02  3.98697859e-02  3.98061669e-02  3.97421559e-02
 -3.96777535e-02  3.96129603e-02 -3.95477770e-02 -3.94822041e-02
  3.94162425e-02 -3.93498926e-02  3.92831552e-02 -3.92160309e-02
  3.91485204e-02  3.90806244e-02  3.90123434e-02 -3.89436783e-02
 -3.88746296e-02  3.88051980e-02  3.87353843e-02  3.86651891e-02
 -3.85946131e-02 -3.85236570e-02  3.84523215e-02  3.83806073e-02
  3.83085151e-02 -3.82360457e-02 -3.81631997e-02  3.80899778e-02
 -3.80163809e-02 -3.79424095e-02 -3.78680645e-02 -3.77933465e-02
  3.77182563e-02  3.76427947e-02 -3.75669624e-02 -3.74907601e-02
 -3.74141885e-02 -3.73372486e-02  3.72599409e-02  3.71822663e-02
 -3.71042255e-02  3.70258193e-02  3.69470485e-02 -3.68679138e-02
  3.67884161e-02 -3.67085560e-02  3.66283345e-02 -3.65477522e-02
 -3.64668101e-02 -3.63855088e-02  3.63038492e-02 -3.62218321e-02
  3.61394582e-02  3.60567285e-02  3.59736437e-02 -3.58902047e-02
  3.58064122e-02  3.57222671e-02 -3.56377702e-02  3.55529224e-02
  3.54677245e-02  3.53821773e-02 -3.52962817e-02 -3.52100385e-02
 -3.51234486e-02  3.50365128e-02 -3.49492320e-02  3.48616070e-02
 -3.47736387e-02 -3.46853281e-02 -3.45966758e-02  3.45076829e-02
 -3.44183502e-02 -3.43286785e-02 -3.42386688e-02 -3.41483220e-02
 -3.40576389e-02 -3.39666205e-02 -3.38752675e-02  3.37835811e-02
  3.36915619e-02  3.35992110e-02  3.35065293e-02  3.34135176e-02
 -3.33201769e-02  3.32265081e-02 -3.31325122e-02  3.30381900e-02
 -3.29435425e-02 -3.28485706e-02 -3.27532753e-02  3.26576574e-02
  3.25617181e-02 -3.24654581e-02  3.23688784e-02  3.22719801e-02
 -3.21747640e-02 -3.20772311e-02 -3.19793823e-02  3.18812187e-02
 -3.17827412e-02 -3.16839508e-02 -3.15848484e-02 -3.14854350e-02
 -3.13857117e-02  3.12856793e-02 -3.11853389e-02  3.10846915e-02
  3.09837380e-02 -3.08824795e-02  3.07809169e-02  3.06790513e-02
 -3.05768837e-02  3.04744150e-02 -3.03716463e-02 -3.02685786e-02
  3.01652129e-02 -3.00615503e-02 -2.99575917e-02  2.98533382e-02
 -2.97487908e-02 -2.96439505e-02  2.95388184e-02 -2.94333955e-02
 -2.93276829e-02 -2.92216815e-02 -2.91153925e-02  2.90088169e-02
  2.89019558e-02  2.87948101e-02 -2.86873810e-02 -2.85796695e-02
  2.84716767e-02  2.83634036e-02  2.82548514e-02  2.81460210e-02
 -2.80369136e-02  2.79275303e-02 -2.78178720e-02  2.77079400e-02
  2.75977352e-02  2.74872588e-02  2.73765119e-02 -2.72654956e-02
 -2.71542109e-02  2.70426589e-02  2.69308408e-02  2.68187577e-02
  2.67064106e-02  2.65938007e-02 -2.64809291e-02 -2.63677969e-02
  2.62544053e-02 -2.61407552e-02 -2.60268480e-02 -2.59126846e-02
  2.57982663e-02  2.56835940e-02  2.55686691e-02 -2.54534926e-02
 -2.53380657e-02 -2.52223894e-02  2.51064650e-02  2.49902936e-02
 -2.48738764e-02 -2.47572144e-02  2.46403088e-02 -2.45231609e-02
 -2.44057717e-02  2.42881424e-02  2.41702742e-02  2.40521682e-02
  2.39338257e-02  2.38152477e-02  2.36964355e-02  2.35773902e-02
 -2.34581131e-02 -2.33386052e-02 -2.32188678e-02 -2.30989021e-02
 -2.29787092e-02  2.28582903e-02  2.27376467e-02 -2.26167795e-02
  2.24956899e-02 -2.23743792e-02  2.22528485e-02  2.21310989e-02
  2.20091319e-02  2.18869484e-02  2.17645498e-02  2.16419373e-02
  2.15191121e-02 -2.13960753e-02 -2.12728283e-02  2.11493722e-02
 -2.10257083e-02 -2.09018377e-02 -2.07777618e-02 -2.06534818e-02
  2.05289988e-02 -2.04043141e-02 -2.02794290e-02 -2.01543448e-02
 -2.00290625e-02  1.99035835e-02  1.97779091e-02 -1.96520405e-02
 -1.95259788e-02  1.93997255e-02  1.92732817e-02  1.91466488e-02
 -1.90198278e-02 -1.88928202e-02 -1.87656272e-02 -1.86382501e-02
  1.85106901e-02  1.83829484e-02  1.82550265e-02  1.81269255e-02
  1.79986467e-02 -1.78701914e-02 -1.77415609e-02 -1.76127565e-02
  1.74837794e-02  1.73546310e-02  1.72253126e-02  1.70958253e-02
 -1.69661706e-02  1.68363497e-02  1.67063640e-02  1.65762146e-02
 -1.64459030e-02  1.63154305e-02  1.61847983e-02 -1.60540078e-02
  1.59230602e-02  1.57919570e-02 -1.56606994e-02 -1.55292887e-02
  1.53977263e-02 -1.52660134e-02 -1.51341515e-02  1.50021419e-02
  1.48699858e-02  1.47376847e-02  1.46052398e-02  1.44726526e-02
 -1.43399243e-02  1.42070563e-02 -1.40740500e-02  1.39409067e-02
  1.38076278e-02 -1.36742146e-02 -1.35406685e-02  1.34069909e-02
 -1.32731831e-02  1.31392465e-02  1.30051826e-02 -1.28709926e-02
 -1.27366780e-02 -1.26022401e-02  1.24676803e-02 -1.23330002e-02
  1.21982009e-02 -1.20632840e-02  1.19282509e-02 -1.17931030e-02
 -1.16578416e-02 -1.15224683e-02  1.13869845e-02 -1.12513916e-02
  1.11156910e-02  1.09798842e-02 -1.08439727e-02 -1.07079579e-02
  1.05718413e-02 -1.04356243e-02  1.02993085e-02 -1.01628954e-02
  1.00263864e-02  9.88978308e-03  9.75308697e-03 -9.61629958e-03
 -9.47942246e-03  9.34245717e-03  9.20540528e-03  9.06826838e-03
  8.93104805e-03  8.79374592e-03 -8.65636360e-03 -8.51890275e-03
  8.38136502e-03 -8.24375211e-03 -8.10606571e-03 -7.96830754e-03
 -7.83047936e-03  7.69258295e-03  7.55462009e-03 -7.41659263e-03
  7.27850242e-03  7.14035136e-03 -7.00214136e-03 -6.86387442e-03
  6.72555251e-03  6.58717770e-03  6.44875207e-03 -6.31027777e-03
  6.17175698e-03  6.03319190e-03 -5.89458492e-03 -5.75593813e-03
 -5.61725442e-03  5.47853518e-03 -5.33978487e-03 -5.20100218e-03
 -5.06219646e-03  4.92335784e-03 -4.78451030e-03 -4.64561836e-03
 -4.50674865e-03  4.36779226e-03 -4.22893630e-03 -4.08986770e-03
  3.95110459e-03  3.81178141e-03 -3.67330155e-03 -3.53334247e-03
 -3.39561034e-03  3.25404794e-03 -3.11816149e-03 -2.97267504e-03
  2.84104597e-03  2.68677959e-03 -2.56381221e-03 -2.39567614e-03
 -2.28388020e-03 -2.12435825e-03  1.99324903e-03  1.93852215e-03
 -1.67408656e-03  1.82065948e-03 -1.29711100e-03 -1.70406406e-03
 -8.46584647e-04 -1.56038357e-03  4.18338213e-04 -1.31425130e-03
 -1.61293682e-04 -9.39680563e-04  5.04902509e-05 -4.90223180e-04]


[ 1.55510276e-10  1.23289298e-06  3.56547481e-04  7.06280832e-04
  1.04537174e-03  1.37372175e-03  1.69284090e-03  2.00459557e-03
  2.31059681e-03 -2.61208839e-03 -2.91001225e-03  3.20506449e-03
  3.49777765e-03  3.78855205e-03  4.07770145e-03 -4.36546678e-03
 -4.65204010e-03  4.93757144e-03  5.22218153e-03  5.50596585e-03
 -5.78900158e-03 -6.07135017e-03  6.35306126e-03 -6.63417444e-03
  6.91472148e-03  7.19472753e-03  7.47421243e-03 -7.75319157e-03
 -8.03167669e-03 -8.30967644e-03 -8.58719690e-03 -8.86424199e-03
 -9.14081378e-03 -9.41691280e-03  9.69253821e-03  9.96768807e-03
  1.02423594e-02 -1.05165485e-02 -1.07902508e-02  1.10634611e-02
  1.13361738e-02  1.16083827e-02 -1.18800811e-02  1.21512621e-02
  1.24219184e-02  1.26920423e-02  1.29616262e-02 -1.32306618e-02
 -1.34991409e-02  1.37670552e-02 -1.40343960e-02 -1.43011546e-02
 -1.45673222e-02  1.48328899e-02 -1.50978486e-02  1.53621891e-02
 -1.56259024e-02 -1.58889792e-02  1.61514101e-02 -1.64131859e-02
  1.66742971e-02 -1.69347343e-02  1.71944880e-02 -1.74535488e-02
  1.77119072e-02  1.79695537e-02  1.82264787e-02  1.84826727e-02
 -1.87381261e-02  1.89928295e-02 -1.92467732e-02 -1.94999478e-02
 -1.97523436e-02  2.00039512e-02  2.02547610e-02  2.05047636e-02
  2.07539493e-02 -2.10023088e-02 -2.12498326e-02  2.14965112e-02
  2.17423351e-02 -2.19872950e-02  2.22313815e-02 -2.24745852e-02
  2.27168968e-02  2.29583069e-02  2.31988062e-02  2.34383854e-02
 -2.36770354e-02 -2.39147469e-02 -2.41515107e-02  2.43873176e-02
 -2.46221586e-02 -2.48560245e-02  2.50889062e-02  2.53207948e-02
 -2.55516812e-02 -2.57815565e-02  2.60104117e-02  2.62382379e-02
 -2.64650264e-02 -2.66907682e-02  2.69154545e-02 -2.71390767e-02
  2.73616260e-02 -2.75830938e-02 -2.78034713e-02  2.80227501e-02
  2.82409216e-02  2.84579772e-02  2.86739084e-02 -2.88887070e-02
  2.91023644e-02 -2.93148723e-02  2.95262224e-02  2.97364065e-02
 -2.99454164e-02  3.01532438e-02 -3.03598806e-02 -3.05653188e-02
 -3.07695504e-02 -3.09725673e-02  3.11743615e-02  3.13749253e-02
  3.15742507e-02  3.17723299e-02 -3.19691553e-02 -3.21647190e-02
  3.23590134e-02  3.25520309e-02  3.27437640e-02  3.29342051e-02
 -3.31233467e-02  3.33111815e-02 -3.34977021e-02 -3.36829012e-02
  3.38667715e-02  3.40493058e-02 -3.42304969e-02 -3.44103378e-02
  3.45888214e-02 -3.47659407e-02 -3.49416887e-02 -3.51160586e-02
 -3.52890434e-02  3.54606365e-02 -3.56308311e-02  3.57996205e-02
  3.59669981e-02  3.61329573e-02 -3.62974916e-02  3.64605945e-02
 -3.66222597e-02 -3.67824808e-02  3.69412515e-02 -3.70985655e-02
 -3.72544168e-02  3.74087991e-02 -3.75617065e-02  3.77131328e-02
  3.78630723e-02 -3.80115189e-02 -3.81584668e-02 -3.83039104e-02
  3.84478438e-02  3.85902614e-02  3.87311576e-02 -3.88705269e-02
 -3.90083639e-02 -3.91446630e-02  3.92794189e-02  3.94126265e-02
 -3.95442803e-02  3.96743753e-02  3.98029063e-02 -3.99298682e-02
 -4.00552562e-02 -4.01790653e-02  4.03012905e-02 -4.04219272e-02
  4.05409705e-02  4.06584158e-02  4.07742585e-02 -4.08884940e-02
  4.10011178e-02  4.11121256e-02 -4.12215129e-02 -4.13292754e-02
  4.14354089e-02  4.15399093e-02 -4.16427724e-02 -4.17439942e-02
  4.18435707e-02 -4.19414981e-02  4.20377723e-02  4.21323898e-02
  4.22253467e-02 -4.23166394e-02 -4.24062643e-02 -4.24942179e-02
 -4.25804968e-02 -4.26650975e-02 -4.27480167e-02 -4.28292511e-02
 -4.29087977e-02 -4.29866532e-02 -4.30628146e-02 -4.31372788e-02
 -4.32100431e-02  4.32811044e-02 -4.33504601e-02 -4.34181074e-02
  4.34840436e-02  4.35482661e-02 -4.36107725e-02 -4.36715602e-02
 -4.37306269e-02 -4.37879703e-02 -4.38435881e-02 -4.38974781e-02
  4.39496382e-02 -4.40000663e-02  4.40487606e-02  4.40957190e-02
 -4.41409397e-02 -4.41844210e-02  4.42261611e-02 -4.42661584e-02
 -4.43044114e-02  4.43409185e-02  4.43756783e-02 -4.44086894e-02
  4.44399505e-02 -4.44694605e-02 -4.44972181e-02  4.45232223e-02
  4.45474721e-02  4.45699664e-02  4.45907045e-02 -4.46096855e-02
  4.46269086e-02 -4.46423732e-02  4.46560788e-02 -4.46680246e-02
 -4.46782104e-02  4.46866356e-02 -4.46933000e-02  4.46982034e-02
 -4.47013454e-02  4.47027260e-02  4.47023452e-02  4.47002029e-02
 -4.46962994e-02 -4.46906346e-02 -4.46832088e-02  4.46740224e-02
 -4.46630757e-02 -4.46503692e-02 -4.46359033e-02 -4.46196786e-02
  4.46016958e-02 -4.45819555e-02  4.45604586e-02 -4.45372059e-02
  4.45121984e-02 -4.44854370e-02 -4.44569227e-02  4.44266567e-02
 -4.43946403e-02  4.43608746e-02  4.43253610e-02 -4.42881009e-02
 -4.42490958e-02  4.42083472e-02 -4.41658567e-02  4.41216260e-02
 -4.40756569e-02  4.40279511e-02  4.39785106e-02  4.39273373e-02
 -4.38744332e-02  4.38198004e-02 -4.37634410e-02 -4.37053573e-02
  4.36455516e-02  4.35840263e-02 -4.35207837e-02 -4.34558263e-02
  4.33891568e-02  4.33207777e-02  4.32506918e-02 -4.31789017e-02
 -4.31054104e-02  4.30302208e-02  4.29533357e-02 -4.28747583e-02
  4.27944917e-02 -4.27125389e-02  4.26289032e-02 -4.25435880e-02
 -4.24565966e-02  4.23679324e-02 -4.22775989e-02  4.21855997e-02
 -4.20919384e-02 -4.19966188e-02 -4.18996444e-02 -4.18010193e-02
  4.17007472e-02 -4.15988322e-02  4.14952782e-02 -4.13900893e-02
  4.12832697e-02  4.11748236e-02  4.10647552e-02  4.09530689e-02
 -4.08397692e-02  4.07248604e-02  4.06083470e-02 -4.04902338e-02
 -4.03705253e-02  4.02492263e-02 -4.01263416e-02  4.00018759e-02
 -3.98758342e-02 -3.97482215e-02 -3.96190427e-02 -3.94883031e-02
 -3.93560077e-02  3.92221617e-02  3.90867705e-02  3.89498393e-02
  3.88113736e-02 -3.86713788e-02 -3.85298604e-02  3.83868241e-02
 -3.82422754e-02 -3.80962200e-02 -3.79486638e-02 -3.77996124e-02
  3.76490719e-02 -3.74970481e-02  3.73435470e-02 -3.71885747e-02
 -3.70321372e-02  3.68742408e-02 -3.67148917e-02  3.65540961e-02
 -3.63918604e-02 -3.62281910e-02 -3.60630942e-02  3.58965767e-02
  3.57286451e-02  3.55593058e-02 -3.53885656e-02  3.52164312e-02
  3.50429094e-02  3.48680071e-02 -3.46917310e-02 -3.45140883e-02
 -3.43350858e-02  3.41547307e-02 -3.39730300e-02  3.37899909e-02
 -3.36056206e-02  3.34199263e-02 -3.32329155e-02 -3.30445955e-02
 -3.28549736e-02  3.26640573e-02 -3.24718543e-02 -3.22783720e-02
  3.20836181e-02  3.18876002e-02 -3.16903262e-02 -3.14918036e-02
 -3.12920405e-02 -3.10910446e-02  3.08888238e-02  3.06853862e-02
 -3.04807398e-02  3.02748925e-02  3.00678526e-02  2.98596282e-02
  2.96502275e-02 -2.94396587e-02 -2.92279301e-02 -2.90150502e-02
  2.88010272e-02 -2.85858696e-02 -2.83695859e-02  2.81521846e-02
 -2.79336743e-02 -2.77140635e-02 -2.74933610e-02  2.72715754e-02
 -2.70487155e-02 -2.68247901e-02 -2.65998079e-02 -2.63737779e-02
  2.61467089e-02 -2.59186100e-02  2.56894900e-02 -2.54593580e-02
  2.52282231e-02  2.49960944e-02 -2.47629810e-02  2.45288922e-02
  2.42938371e-02 -2.40578250e-02 -2.38208652e-02 -2.35829670e-02
  2.33441399e-02  2.31043932e-02 -2.28637363e-02 -2.26221789e-02
  2.23797303e-02  2.21364001e-02  2.18921980e-02  2.16471334e-02
  2.14012162e-02  2.11544560e-02 -2.09068625e-02 -2.06584454e-02
  2.04092146e-02  2.01591798e-02  1.99083510e-02 -1.96567380e-02
  1.94043507e-02 -1.91511991e-02 -1.88972931e-02 -1.86426428e-02
  1.83872581e-02  1.81311492e-02  1.78743261e-02 -1.76167990e-02
 -1.73585780e-02 -1.70996732e-02 -1.68400949e-02  1.65798534e-02
  1.63189587e-02 -1.60574213e-02  1.57952515e-02  1.55324595e-02
  1.52690558e-02 -1.50050506e-02 -1.47404545e-02  1.44752778e-02
  1.42095310e-02  1.39432245e-02 -1.36763688e-02  1.34089746e-02
 -1.31410522e-02 -1.28726123e-02  1.26036653e-02 -1.23342221e-02
  1.20642930e-02 -1.17938889e-02  1.15230202e-02 -1.12516978e-02
 -1.09799323e-02 -1.07077343e-02  1.04351147e-02  1.01620842e-02
  9.88865343e-03 -9.61483330e-03  9.34063456e-03  9.06606801e-03
 -8.79114447e-03  8.51587477e-03 -8.24026976e-03 -7.96434028e-03
 -7.68809723e-03  7.41155148e-03  7.13471392e-03  6.85759547e-03
  6.58020704e-03 -6.30255956e-03  6.02466398e-03  5.74653123e-03
  5.46817228e-03 -5.18959810e-03 -4.91081967e-03  4.63184795e-03
  4.35269396e-03 -4.07336868e-03  3.79388312e-03  3.51424830e-03
 -3.23447523e-03  2.95457493e-03 -2.67455843e-03 -2.39443677e-03
 -2.11422098e-03 -1.83392210e-03 -1.55355118e-03  1.27311926e-03
  9.92637385e-04 -7.12116616e-04  4.31568000e-04  1.51002593e-04
 -1.29568553e-04 -4.10134383e-04 -6.90683842e-04 -9.71205878e-04
 -1.25168944e-03  1.53212347e-03 -1.81249693e-03 -2.09279876e-03
 -2.37301793e-03 -2.65314339e-03 -2.93316411e-03  3.21306906e-03
 -3.49284720e-03  3.77248751e-03 -4.05197898e-03  4.33131059e-03
 -4.61047134e-03  4.88945024e-03 -5.16823628e-03  5.44681848e-03
  5.72518588e-03 -6.00332749e-03  6.28123237e-03  6.55888957e-03
  6.83628813e-03  7.11341715e-03  7.39026569e-03  7.66682285e-03
  7.94307773e-03  8.21901946e-03 -8.49463715e-03  8.76991995e-03
 -9.04485702e-03 -9.31943751e-03 -9.59365062e-03 -9.86748554e-03
  1.01409315e-02 -1.04139777e-02 -1.06866134e-02  1.09588278e-02
 -1.12306102e-02 -1.15019500e-02  1.17728364e-02 -1.20432587e-02
  1.23132064e-02 -1.25826687e-02  1.28516351e-02  1.31200949e-02
  1.33880376e-02  1.36554526e-02 -1.39223294e-02  1.41886574e-02
 -1.44544263e-02  1.47196254e-02 -1.49842444e-02 -1.52482728e-02
  1.55117003e-02  1.57745164e-02 -1.60367108e-02 -1.62982732e-02
  1.65591932e-02  1.68194607e-02 -1.70790652e-02  1.73379967e-02
 -1.75962448e-02 -1.78537995e-02 -1.81106505e-02 -1.83667879e-02
 -1.86222014e-02  1.88768809e-02  1.91308166e-02 -1.93839983e-02
 -1.96364162e-02  1.98880602e-02 -2.01389204e-02  2.03889869e-02
  2.06382500e-02  2.08866998e-02  2.11343264e-02  2.13811202e-02
  2.16270714e-02  2.18721703e-02 -2.21164073e-02 -2.23597727e-02
  2.26022570e-02  2.28438506e-02  2.30845440e-02 -2.33243277e-02
  2.35631923e-02 -2.38011283e-02  2.40381263e-02  2.42741772e-02
 -2.45092714e-02 -2.47433999e-02 -2.49765533e-02  2.52087224e-02
  2.54398982e-02  2.56700715e-02  2.58992333e-02 -2.61273744e-02
  2.63544860e-02 -2.65805591e-02  2.68055848e-02  2.70295542e-02
  2.72524584e-02 -2.74742888e-02 -2.76950366e-02 -2.79146930e-02
  2.81332495e-02  2.83506973e-02 -2.85670280e-02  2.87822331e-02
 -2.89963039e-02 -2.92092322e-02  2.94210095e-02  2.96316275e-02
 -2.98410779e-02  3.00493524e-02  3.02564428e-02  3.04623411e-02
  3.06670389e-02 -3.08705284e-02 -3.10728014e-02 -3.12738501e-02
  3.14736664e-02  3.16722426e-02 -3.18695708e-02 -3.20656432e-02
  3.22604520e-02  3.24539898e-02 -3.26462487e-02 -3.28372212e-02
  3.30268999e-02 -3.32152772e-02 -3.34023457e-02 -3.35880980e-02
  3.37725269e-02 -3.39556250e-02  3.41373852e-02  3.43178003e-02
  3.44968632e-02  3.46745668e-02  3.48509041e-02 -3.50258682e-02
  3.51994522e-02 -3.53716492e-02 -3.55424526e-02  3.57118555e-02
 -3.58798512e-02 -3.60464332e-02 -3.62115949e-02 -3.63753298e-02
  3.65376314e-02 -3.66984933e-02  3.68579093e-02  3.70158730e-02
 -3.71723782e-02  3.73274188e-02 -3.74809886e-02  3.76330815e-02
 -3.77836917e-02 -3.79328131e-02 -3.80804400e-02  3.82265664e-02
  3.83711866e-02 -3.85142949e-02 -3.86558858e-02 -3.87959535e-02
  3.89344927e-02  3.90714978e-02 -3.92069634e-02 -3.93408842e-02
 -3.94732550e-02  3.96040705e-02  3.97333256e-02 -3.98610151e-02
  3.99871341e-02  4.01116776e-02  4.02346406e-02  4.03560184e-02
 -4.04758061e-02 -4.05939991e-02  4.07105926e-02  4.08255822e-02
  4.09389632e-02  4.10507312e-02 -4.11608818e-02 -4.12694107e-02
  4.13763135e-02 -4.14815862e-02 -4.15852244e-02  4.16872243e-02
 -4.17875816e-02  4.18862925e-02 -4.19833532e-02  4.20787596e-02
  4.21725083e-02  4.22645953e-02 -4.23550172e-02  4.24437702e-02
 -4.25308511e-02 -4.26162562e-02 -4.26999823e-02  4.27820261e-02
 -4.28623843e-02 -4.29410538e-02  4.30180314e-02 -4.30933142e-02
 -4.31668991e-02 -4.32387834e-02  4.33089641e-02  4.33774384e-02
  4.34442038e-02 -4.35092576e-02  4.35725971e-02 -4.36342200e-02
  4.36941237e-02  4.37523060e-02  4.38087645e-02 -4.38634971e-02
  4.39165015e-02  4.39677757e-02  4.40173177e-02  4.40651255e-02
  4.41111972e-02  4.41555311e-02  4.41981253e-02 -4.42389783e-02
 -4.42780883e-02 -4.43154539e-02 -4.43510736e-02 -4.43849460e-02
  4.44170698e-02 -4.44474437e-02  4.44760665e-02 -4.45029371e-02
  4.45280544e-02  4.45514175e-02  4.45730253e-02 -4.45928772e-02
 -4.46109723e-02  4.46273099e-02 -4.46418893e-02 -4.46547100e-02
  4.46657715e-02  4.46750733e-02  4.46826152e-02 -4.46883967e-02
  4.46924177e-02  4.46946781e-02  4.46951776e-02  4.46939164e-02
  4.46908945e-02 -4.46861120e-02  4.46795690e-02 -4.46712659e-02
 -4.46612030e-02  4.46493807e-02 -4.46357995e-02 -4.46204598e-02
  4.46033624e-02 -4.45845078e-02  4.45638969e-02  4.45415304e-02
 -4.45174093e-02  4.44915344e-02  4.44639069e-02 -4.44345278e-02
  4.44033983e-02  4.43705195e-02 -4.43358929e-02  4.42995198e-02
  4.42614016e-02  4.42215398e-02  4.41799360e-02 -4.41365919e-02
 -4.40915091e-02 -4.40446895e-02  4.39961348e-02  4.39458471e-02
 -4.38938283e-02 -4.38400805e-02 -4.37846057e-02 -4.37274062e-02
  4.36684842e-02 -4.36078421e-02  4.35454823e-02 -4.34814072e-02
 -4.34156194e-02 -4.33481214e-02 -4.32789159e-02  4.32080057e-02
  4.31353936e-02 -4.30610823e-02 -4.29850750e-02 -4.29073745e-02
 -4.28279840e-02 -4.27469065e-02  4.26641453e-02  4.25797037e-02
 -4.24935849e-02  4.24057924e-02  4.23163297e-02  4.22252002e-02
 -4.21324077e-02 -4.20379557e-02 -4.19418480e-02  4.18440883e-02
  4.17446806e-02  4.16436288e-02 -4.15409368e-02 -4.14366088e-02
  4.13306487e-02  4.12230609e-02 -4.11138496e-02  4.10030191e-02
  4.08905737e-02 -4.07765180e-02 -4.06608563e-02 -4.05435934e-02
 -4.04247337e-02 -4.03042821e-02 -4.01822432e-02 -4.00586219e-02
  3.99334231e-02  3.98066518e-02  3.96783128e-02  3.95484114e-02
  3.94169526e-02 -3.92839416e-02 -3.91493837e-02  3.90132842e-02
 -3.88756484e-02  3.87364819e-02 -3.85957901e-02 -3.84535786e-02
 -3.83098530e-02 -3.81646190e-02 -3.80178822e-02 -3.78696486e-02
 -3.77199240e-02  3.75687143e-02  3.74160254e-02 -3.72618634e-02
  3.71062344e-02  3.69491446e-02  3.67906002e-02  3.66306073e-02
 -3.64691725e-02  3.63063019e-02  3.61420022e-02  3.59762797e-02
  3.58091411e-02 -3.56405929e-02 -3.54706418e-02  3.52992945e-02
  3.51265578e-02 -3.49524386e-02 -3.47769437e-02 -3.46000800e-02
  3.44218547e-02  3.42422746e-02  3.40613470e-02  3.38790790e-02
 -3.36954778e-02 -3.35105506e-02 -3.33243048e-02 -3.31367478e-02
 -3.29478870e-02  3.27577298e-02  3.25662839e-02  3.23735567e-02
 -3.21795559e-02 -3.19842892e-02 -3.17877644e-02 -3.15899892e-02
  3.13909714e-02 -3.11907190e-02 -3.09892399e-02 -3.07865420e-02
  3.05826335e-02 -3.03775224e-02 -3.01712168e-02  2.99637249e-02
 -2.97550549e-02 -2.95452152e-02  2.93342141e-02  2.91220599e-02
 -2.89087611e-02  2.86943261e-02  2.84787634e-02 -2.82620817e-02
 -2.80442895e-02 -2.78253955e-02 -2.76054084e-02 -2.73843369e-02
  2.71621899e-02 -2.69389762e-02  2.67147047e-02 -2.64893842e-02
 -2.62630238e-02  2.60356326e-02  2.58072195e-02 -2.55777937e-02
  2.53473643e-02 -2.51159406e-02 -2.48835317e-02  2.46501470e-02
  2.44157959e-02  2.41804875e-02 -2.39442315e-02  2.37070372e-02
 -2.34689142e-02  2.32298720e-02 -2.29899202e-02  2.27490684e-02
  2.25073263e-02  2.22647037e-02 -2.20212102e-02  2.17768558e-02
 -2.15316502e-02 -2.12856034e-02  2.10387252e-02  2.07910258e-02
 -2.05425151e-02  2.02932032e-02 -2.00431002e-02  1.97922162e-02
 -1.95405616e-02 -1.92881466e-02 -1.90349814e-02  1.87810765e-02
  1.85264422e-02 -1.82710891e-02 -1.80150275e-02 -1.77582682e-02
 -1.75008217e-02 -1.72426986e-02  1.69839098e-02  1.67244660e-02
 -1.64643781e-02  1.62036569e-02  1.59423135e-02  1.56803590e-02
  1.54178043e-02 -1.51546608e-02 -1.48909397e-02  1.46266524e-02
 -1.43618102e-02 -1.40964248e-02  1.38305076e-02  1.35640705e-02
 -1.32971252e-02 -1.30296836e-02 -1.27617577e-02  1.24933598e-02
 -1.22245019e-02 -1.19551964e-02  1.16854561e-02  1.14152929e-02
  1.11447206e-02 -1.08737499e-02  1.06023978e-02  1.03306696e-02
  1.00585920e-02 -9.78615326e-03  9.51340943e-03  9.24029748e-03
  8.96695889e-03 -8.69318370e-03  8.41935448e-03  8.14485291e-03
 -7.87072365e-03 -7.59524341e-03  7.32122742e-03  7.04403843e-03
  6.77109740e-03 -6.49029739e-03  6.22066060e-03  5.93164013e-03
 -5.67016648e-03 -5.36324202e-03  5.11878256e-03  4.78378243e-03
  4.56142471e-03  4.24324672e-03 -3.98217132e-03 -3.87304237e-03
  3.34543430e-03 -3.63842045e-03  2.59270523e-03  3.40616252e-03
  1.69251530e-03  3.11957065e-03 -8.36488344e-04  2.62791479e-03
  3.22554000e-04  1.87916766e-03 -1.00977813e-04  9.80420372e-04]


[ 2.33576391e-10  1.84995598e-06  5.34815170e-04  1.05937365e-03
  1.56790095e-03  2.06022150e-03  2.53857568e-03  3.00574012e-03
  3.46410951e-03 -3.91552813e-03 -4.36138792e-03  4.80271218e-03
  5.24027910e-03  5.67466862e-03  6.10633086e-03 -6.53560683e-03
 -6.96276424e-03  7.38800781e-03  7.81149837e-03  8.23335891e-03
 -8.65368500e-03 -9.07254869e-03  9.49000437e-03 -9.90609138e-03
  1.03208374e-02  1.07342603e-02  1.11463698e-02 -1.15571695e-02
 -1.19666570e-02 -1.23748259e-02 -1.27816655e-02 -1.31871623e-02
 -1.35913001e-02 -1.39940601e-02  1.43954221e-02  1.47953638e-02
  1.51938618e-02 -1.55908914e-02 -1.59864270e-02  1.63804421e-02
  1.67729094e-02  1.71638011e-02 -1.75530888e-02  1.79407436e-02
  1.83267364e-02  1.87110376e-02  1.90936174e-02 -1.94744459e-02
 -1.98534928e-02  2.02307279e-02 -2.06061207e-02 -2.09796407e-02
 -2.13512575e-02  2.17209404e-02 -2.20886589e-02  2.24543824e-02
 -2.28180804e-02 -2.31797224e-02  2.35392781e-02 -2.38967169e-02
  2.42520088e-02 -2.46051236e-02  2.49560311e-02 -2.53047015e-02
  2.56511049e-02  2.59952118e-02  2.63369925e-02  2.66764176e-02
 -2.70134580e-02  2.73480846e-02 -2.76802684e-02 -2.80099808e-02
 -2.83371933e-02  2.86618774e-02  2.89840050e-02  2.93035481e-02
  2.96204790e-02 -2.99347701e-02 -3.02463940e-02  3.05553236e-02
  3.08615320e-02 -3.11649924e-02  3.14656783e-02 -3.17635636e-02
  3.20586220e-02  3.23508280e-02  3.26401558e-02  3.29265803e-02
 -3.32100762e-02 -3.34906188e-02 -3.37681835e-02  3.40427460e-02
 -3.43142821e-02 -3.45827681e-02  3.48481805e-02  3.51104959e-02
 -3.53696912e-02 -3.56257438e-02  3.58786312e-02  3.61283311e-02
 -3.63748215e-02 -3.66180809e-02  3.68580879e-02 -3.70948213e-02
  3.73282603e-02 -3.75583844e-02 -3.77851733e-02  3.80086072e-02
  3.82286663e-02  3.84453312e-02  3.86585830e-02 -3.88684028e-02
  3.90747721e-02 -3.92776728e-02  3.94770871e-02  3.96729973e-02
 -3.98653862e-02  4.00542369e-02 -4.02395327e-02 -4.04212573e-02
 -4.05993947e-02 -4.07739292e-02  4.09448454e-02  4.11121283e-02
  4.12757631e-02  4.14357354e-02 -4.15920312e-02 -4.17446365e-02
  4.18935381e-02  4.20387227e-02  4.21801776e-02  4.23178903e-02
 -4.24518487e-02  4.25820410e-02 -4.27084556e-02 -4.28310815e-02
  4.29499079e-02  4.30649242e-02 -4.31761204e-02 -4.32834866e-02
  4.33870135e-02 -4.34866918e-02 -4.35825128e-02 -4.36744680e-02
 -4.37625494e-02  4.38467492e-02 -4.39270600e-02  4.40034747e-02
  4.40759867e-02  4.41445894e-02 -4.42092769e-02  4.42700435e-02
 -4.43268839e-02 -4.43797930e-02  4.44287662e-02 -4.44737993e-02
 -4.45148882e-02  4.45520293e-02 -4.45852195e-02  4.46144558e-02
  4.46397356e-02 -4.46610568e-02 -4.46784175e-02 -4.46918161e-02
  4.47012517e-02  4.47067232e-02  4.47082303e-02 -4.47057730e-02
 -4.46993513e-02 -4.46889660e-02  4.46746180e-02  4.46563086e-02
 -4.46340395e-02  4.46078126e-02  4.45776303e-02 -4.45434953e-02
 -4.45054107e-02 -4.44633798e-02  4.44174065e-02 -4.43674948e-02
  4.43136492e-02  4.42558744e-02  4.41941757e-02 -4.41285585e-02
  4.40590287e-02  4.39855924e-02 -4.39082562e-02 -4.38270270e-02
  4.37419119e-02  4.36529186e-02 -4.35600550e-02 -4.34633293e-02
  4.33627501e-02 -4.32583264e-02  4.31500674e-02  4.30379827e-02
  4.29220824e-02 -4.28023766e-02 -4.26788761e-02 -4.25515918e-02
 -4.24205349e-02 -4.22857173e-02 -4.21471507e-02 -4.20048475e-02
 -4.18588204e-02 -4.17090823e-02 -4.15556465e-02 -4.13985266e-02
 -4.12377365e-02  4.10732906e-02 -4.09052034e-02 -4.07334899e-02
  4.05581652e-02  4.03792450e-02 -4.01967450e-02 -4.00106816e-02
 -3.98210712e-02 -3.96279307e-02 -3.94312771e-02 -3.92311279e-02
  3.90275010e-02 -3.88204142e-02  3.86098861e-02  3.83959353e-02
 -3.81785807e-02 -3.79578417e-02  3.77337378e-02 -3.75062890e-02
 -3.72755153e-02  3.70414373e-02  3.68040757e-02 -3.65634515e-02
  3.63195862e-02 -3.60725013e-02 -3.58222188e-02  3.55687609e-02
  3.53121500e-02  3.50524088e-02  3.47895605e-02 -3.45236284e-02
  3.42546360e-02 -3.39826071e-02  3.37075660e-02 -3.34295370e-02
 -3.31485447e-02  3.28646141e-02 -3.25777704e-02  3.22880389e-02
 -3.19954454e-02  3.17000159e-02  3.14017765e-02  3.11007537e-02
 -3.07969741e-02 -3.04904648e-02 -3.01812528e-02  2.98693656e-02
 -2.95548309e-02 -2.92376766e-02 -2.89179307e-02 -2.85956217e-02
  2.82707780e-02 -2.79434286e-02  2.76136024e-02 -2.72813287e-02
  2.69466370e-02 -2.66095568e-02 -2.62701182e-02  2.59283512e-02
 -2.55842861e-02  2.52379534e-02  2.48893838e-02 -2.45386083e-02
 -2.41856579e-02  2.38305639e-02 -2.34733578e-02  2.31140713e-02
 -2.27527363e-02  2.23893847e-02  2.20240488e-02  2.16567610e-02
 -2.12875538e-02  2.09164600e-02 -2.05435125e-02 -2.01687444e-02
  1.97921888e-02  1.94138792e-02 -1.90338491e-02 -1.86521321e-02
  1.82687623e-02  1.78837734e-02  1.74971997e-02 -1.71090754e-02
 -1.67194350e-02  1.63283129e-02  1.59357439e-02 -1.55417628e-02
  1.51464045e-02 -1.47497040e-02  1.43516965e-02 -1.39524174e-02
 -1.35519019e-02  1.31501856e-02 -1.27473042e-02  1.23432933e-02
 -1.19381888e-02 -1.15320265e-02 -1.11248425e-02 -1.07166729e-02
  1.03075538e-02 -9.89752162e-03  9.48661258e-03 -9.07486316e-03
  8.66230986e-03  8.24898924e-03  7.83493795e-03  7.42019270e-03
 -7.00479026e-03  6.58876745e-03  6.17216115e-03 -5.75500829e-03
 -5.33734587e-03  4.91921089e-03 -4.50064044e-03  4.08167162e-03
 -3.66234156e-03 -3.24268745e-03 -2.82274649e-03 -2.40255590e-03
 -1.98215293e-03  1.56157485e-03  1.14085895e-03  7.20042526e-04
  2.99162877e-04  1.21742685e-04  5.42636845e-04 -9.63482294e-04
  1.38424172e-03  1.80487783e-03  2.22535333e-03  2.64563095e-03
 -3.06567343e-03  3.48544353e-03 -3.90490405e-03  4.32401780e-03
  4.74274762e-03 -5.16105640e-03  5.57890706e-03 -5.99626255e-03
  6.41308587e-03  6.82934009e-03  7.24498829e-03 -7.65999363e-03
 -8.07431933e-03 -8.48792865e-03  8.90078493e-03 -9.31285158e-03
 -9.72409205e-03 -1.01344699e-02  1.05439488e-02  1.09524923e-02
  1.13600644e-02 -1.17666288e-02  1.21721495e-02 -1.25765907e-02
  1.29799163e-02 -1.33820907e-02  1.37830782e-02  1.41828433e-02
  1.45813505e-02 -1.49785646e-02  1.53744502e-02  1.57689724e-02
 -1.61620960e-02 -1.65537864e-02  1.69440088e-02  1.73327285e-02
  1.77199112e-02  1.81055224e-02 -1.84895281e-02 -1.88718941e-02
  1.92525867e-02 -1.96315720e-02 -2.00088164e-02 -2.03842865e-02
 -2.07579491e-02  2.11297710e-02  2.14997192e-02  2.18677610e-02
 -2.22338637e-02  2.25979949e-02  2.29601223e-02 -2.33202138e-02
  2.36782375e-02  2.40341616e-02  2.43879546e-02 -2.47395852e-02
  2.50890221e-02  2.54362345e-02  2.57811915e-02  2.61238625e-02
 -2.64642172e-02  2.68022254e-02 -2.71378571e-02  2.74710826e-02
 -2.78018724e-02 -2.81301972e-02  2.84560277e-02 -2.87793353e-02
 -2.91000911e-02  2.94182668e-02  2.97338341e-02  3.00467652e-02
 -3.03570322e-02 -3.06646077e-02  3.09694644e-02  3.12715752e-02
 -3.15709134e-02 -3.18674525e-02 -3.21611662e-02 -3.24520285e-02
 -3.27400135e-02 -3.30250957e-02  3.33072499e-02  3.35864511e-02
 -3.38626746e-02 -3.41358957e-02 -3.44060904e-02  3.46732346e-02
 -3.49373048e-02  3.51982774e-02  3.54561294e-02  3.57108379e-02
 -3.59623804e-02 -3.62107345e-02 -3.64558782e-02  3.66977898e-02
  3.69364478e-02  3.71718312e-02  3.74039191e-02 -3.76326908e-02
 -3.78581261e-02  3.80802050e-02 -3.82989079e-02 -3.85142153e-02
 -3.87261082e-02  3.89345678e-02  3.91395756e-02 -3.93411135e-02
 -3.95391635e-02 -3.97337082e-02  3.99247303e-02 -4.01122129e-02
  4.02961393e-02  4.04764933e-02 -4.06532589e-02  4.08264203e-02
 -4.09959624e-02  4.11618699e-02 -4.13241283e-02  4.14827232e-02
  4.16376404e-02  4.17888664e-02 -4.19363876e-02 -4.20801910e-02
 -4.22202639e-02  4.23565938e-02 -4.24891687e-02 -4.26179768e-02
  4.27430067e-02 -4.28642473e-02  4.29816880e-02  4.30953182e-02
  4.32051279e-02 -4.33111074e-02 -4.34132473e-02 -4.35115385e-02
 -4.36059724e-02  4.36965406e-02 -4.37832350e-02 -4.38660479e-02
 -4.39449721e-02  4.40200006e-02  4.40911266e-02 -4.41583439e-02
 -4.42216466e-02  4.42810290e-02 -4.43364859e-02 -4.43880124e-02
  4.44356038e-02 -4.44792561e-02  4.45189652e-02  4.45547278e-02
  4.45865407e-02  4.46144009e-02  4.46383062e-02 -4.46582543e-02
 -4.46742434e-02  4.46862723e-02 -4.46943398e-02 -4.46984452e-02
 -4.46985881e-02 -4.46947686e-02 -4.46869870e-02 -4.46752440e-02
 -4.46595406e-02  4.46398782e-02 -4.46162586e-02 -4.45886839e-02
 -4.45571565e-02 -4.45216792e-02 -4.44822552e-02  4.44388880e-02
 -4.43915814e-02  4.43403397e-02 -4.42851673e-02  4.42260692e-02
 -4.41630506e-02  4.40961171e-02 -4.40252746e-02  4.39505295e-02
  4.38718884e-02 -4.37893582e-02  4.37029462e-02  4.36126602e-02
  4.35185081e-02  4.34204983e-02  4.33186395e-02  4.32129407e-02
  4.31034113e-02  4.29900611e-02 -4.28728999e-02  4.27519384e-02
 -4.26271871e-02 -4.24986571e-02 -4.23663599e-02 -4.22303072e-02
  4.20905110e-02 -4.19469838e-02 -4.17997382e-02  4.16487874e-02
 -4.14941447e-02 -4.13358238e-02  4.11738388e-02 -4.10082040e-02
  4.08389342e-02 -4.06660443e-02  4.04895496e-02  4.03094659e-02
  4.01258090e-02  3.99385954e-02 -3.97478415e-02  3.95535643e-02
 -3.93557810e-02  3.91545091e-02 -3.89497666e-02 -3.87415715e-02
  3.85299423e-02  3.83148979e-02 -3.80964571e-02 -3.78746395e-02
  3.76494647e-02  3.74209527e-02 -3.71891236e-02  3.69539982e-02
 -3.67155971e-02 -3.64739416e-02 -3.62290531e-02 -3.59809534e-02
 -3.57296643e-02  3.54752081e-02  3.52176076e-02 -3.49568854e-02
 -3.46930647e-02  3.44261689e-02 -3.41562217e-02  3.38832469e-02
  3.36072689e-02  3.33283120e-02  3.30464010e-02  3.27615609e-02
  3.24738170e-02  3.21831947e-02 -3.18897198e-02 -3.15934184e-02
  3.12943167e-02  3.09924412e-02  3.06878188e-02 -3.03804763e-02
  3.00704411e-02 -2.97577407e-02  2.94424027e-02  2.91244552e-02
 -2.88039262e-02 -2.84808444e-02 -2.81552382e-02  2.78271365e-02
  2.74965685e-02  2.71635634e-02  2.68281508e-02 -2.64903605e-02
  2.61502222e-02 -2.58077663e-02  2.54630231e-02  2.51160231e-02
  2.47667971e-02 -2.44153761e-02 -2.40617912e-02 -2.37060738e-02
  2.33482553e-02  2.29883676e-02 -2.26264426e-02  2.22625122e-02
 -2.18966089e-02 -2.15287650e-02  2.11590131e-02  2.07873860e-02
 -2.04139167e-02  2.00386383e-02  1.96615841e-02  1.92827874e-02
  1.89022819e-02 -1.85201012e-02 -1.81362794e-02 -1.77508503e-02
  1.73638482e-02  1.69753074e-02 -1.65852624e-02 -1.61937476e-02
  1.58007979e-02  1.54064480e-02 -1.50107329e-02 -1.46136877e-02
  1.42153476e-02 -1.38157480e-02 -1.34149241e-02 -1.30129117e-02
  1.26097462e-02 -1.22054635e-02  1.18000994e-02  1.13936898e-02
  1.09862708e-02  1.05778784e-02  1.01685489e-02 -9.75831864e-03
  9.34722387e-03 -8.93530109e-03 -8.52258680e-03  8.10911760e-03
 -7.69493014e-03 -7.28006114e-03 -6.86454738e-03 -6.44842568e-03
  6.03173295e-03 -5.61450613e-03  5.19678219e-03  4.77859817e-03
 -4.35999115e-03  3.94099823e-03 -3.52165655e-03  3.10200330e-03
 -2.68207566e-03 -2.26191088e-03 -1.84154619e-03  1.42101886e-03
  1.00036617e-03 -5.79625408e-04 -1.58833875e-04  2.61971127e-04
 -6.82752296e-04 -1.10347233e-03  1.52409393e-03  1.94457982e-03
  2.36489271e-03 -2.78499535e-03 -3.20485050e-03  3.62442093e-03
 -4.04366946e-03 -4.46255892e-03 -4.88105217e-03 -5.29911213e-03
  5.71670172e-03  6.13378393e-03 -6.55032180e-03 -6.96627839e-03
 -7.38161683e-03 -7.79630031e-03  8.21029206e-03  8.62355539e-03
 -9.03605367e-03  9.44775032e-03  9.85860886e-03 -1.02685929e-02
  1.06776660e-02 -1.10857920e-02  1.14929346e-02 -1.18990579e-02
 -1.23041257e-02 -1.27081023e-02  1.31109517e-02 -1.35126383e-02
  1.39131264e-02  1.43123806e-02  1.47103655e-02 -1.51070458e-02
  1.55023863e-02  1.58963519e-02 -1.62889079e-02  1.66800193e-02
  1.70696515e-02  1.74577700e-02 -1.78443404e-02 -1.82293284e-02
 -1.86126998e-02  1.89944207e-02 -1.93744573e-02  1.97527758e-02
 -2.01293428e-02 -2.05041249e-02 -2.08770888e-02  2.12482014e-02
 -2.16174300e-02 -2.19847417e-02 -2.23501041e-02 -2.27134846e-02
 -2.30748512e-02 -2.34341717e-02 -2.37914144e-02  2.41465476e-02
  2.44995397e-02  2.48503596e-02  2.51989761e-02  2.55453583e-02
 -2.58894755e-02  2.62312973e-02 -2.65707932e-02  2.69079333e-02
 -2.72426877e-02 -2.75750266e-02 -2.79049206e-02  2.82323406e-02
  2.85572574e-02 -2.88796423e-02  2.91994667e-02  2.95167023e-02
 -2.98313209e-02 -3.01432946e-02 -3.04525959e-02  3.07591973e-02
 -3.10630716e-02 -3.13641919e-02 -3.16625315e-02 -3.19580640e-02
 -3.22507632e-02  3.25406031e-02 -3.28275581e-02  3.31116028e-02
  3.33927119e-02 -3.36708605e-02  3.39460240e-02  3.42181781e-02
 -3.44872986e-02  3.47533616e-02 -3.50163436e-02 -3.52762213e-02
  3.55329716e-02 -3.57865719e-02 -3.60369995e-02  3.62842324e-02
 -3.65282487e-02 -3.67690266e-02  3.70065450e-02 -3.72407826e-02
 -3.74717189e-02 -3.76993333e-02 -3.79236056e-02  3.81445160e-02
  3.83620450e-02  3.85761732e-02 -3.87868816e-02 -3.89941517e-02
  3.91979651e-02  3.93983036e-02  3.95951496e-02  3.97884856e-02
 -3.99782944e-02  4.01645594e-02 -4.03472640e-02  4.05263919e-02
  4.07019274e-02  4.08738548e-02  4.10421591e-02 -4.12068252e-02
 -4.13678385e-02  4.15251849e-02  4.16788504e-02  4.18288214e-02
  4.19750845e-02  4.21176270e-02 -4.22564360e-02 -4.23914994e-02
  4.25228052e-02 -4.26503418e-02 -4.27740979e-02 -4.28940625e-02
  4.30102250e-02  4.31225752e-02  4.32311030e-02 -4.33357990e-02
 -4.34366538e-02 -4.35336585e-02  4.36268046e-02  4.37160838e-02
 -4.38014882e-02 -4.38830102e-02  4.39606427e-02 -4.40343789e-02
 -4.41042121e-02  4.41701362e-02  4.42321455e-02  4.42902343e-02
  4.43443977e-02  4.43946308e-02  4.44409292e-02  4.44832889e-02
 -4.45217060e-02 -4.45561773e-02 -4.45866996e-02 -4.46132704e-02
 -4.46358872e-02  4.46545482e-02  4.46692516e-02 -4.46799963e-02
  4.46867812e-02 -4.46896059e-02  4.46884701e-02  4.46833739e-02
  4.46743179e-02  4.46613028e-02  4.46443298e-02  4.46234006e-02
  4.45985169e-02 -4.45696810e-02 -4.45368956e-02  4.45001635e-02
 -4.44594881e-02 -4.44148729e-02 -4.43663221e-02 -4.43138399e-02
  4.42574311e-02 -4.41971006e-02 -4.41328539e-02 -4.40646967e-02
 -4.39926352e-02  4.39166756e-02  4.38368249e-02 -4.37530901e-02
 -4.36654788e-02  4.35739986e-02  4.34786579e-02  4.33794651e-02
 -4.32764290e-02 -4.31695589e-02 -4.30588642e-02 -4.29443549e-02
  4.28260411e-02  4.27039335e-02  4.25780428e-02  4.24483803e-02
  4.23149577e-02 -4.21777867e-02 -4.20368795e-02 -4.18922489e-02
  4.17439076e-02  4.15918689e-02  4.14361464e-02  4.12767538e-02
 -4.11137055e-02  4.09470160e-02  4.07767001e-02  4.06027730e-02
 -4.04252502e-02  4.02441476e-02  4.00594813e-02 -3.98712678e-02
  3.96795238e-02  3.94842665e-02 -3.92855133e-02 -3.90832819e-02
  3.88775903e-02 -3.86684569e-02 -3.84559004e-02  3.82399397e-02
  3.80205941e-02  3.77978832e-02  3.75718269e-02  3.73424452e-02
 -3.71097589e-02  3.68737885e-02 -3.66345551e-02  3.63920802e-02
  3.61463854e-02 -3.58974927e-02 -3.56454243e-02  3.53902027e-02
 -3.51318507e-02  3.48703915e-02  3.46058485e-02 -3.43382452e-02
 -3.40676057e-02 -3.37939541e-02  3.35173150e-02 -3.32377132e-02
  3.29551736e-02 -3.26697217e-02  3.23813829e-02 -3.20901832e-02
 -3.17961486e-02 -3.14993057e-02  3.11996809e-02 -3.08973012e-02
  3.05921938e-02  3.02843861e-02 -2.99739058e-02 -2.96607808e-02
  2.93450394e-02 -2.90267099e-02  2.87058211e-02 -2.83824019e-02
  2.80564815e-02  2.77280894e-02  2.73972552e-02 -2.70640089e-02
 -2.67283806e-02  2.63904008e-02  2.60501002e-02  2.57075097e-02
  2.53626605e-02  2.50155838e-02 -2.46663115e-02 -2.43148754e-02
  2.39613075e-02 -2.36056404e-02 -2.32479067e-02 -2.28881392e-02
 -2.25263710e-02  2.21626356e-02  2.17969666e-02 -2.14293978e-02
  2.10599635e-02  2.06886981e-02 -2.03156363e-02 -1.99408130e-02
  1.95642634e-02  1.91860232e-02  1.88061280e-02 -1.84246140e-02
  1.80415176e-02  1.76568753e-02 -1.72707244e-02 -1.68831015e-02
 -1.64940455e-02  1.61035910e-02 -1.57117823e-02 -1.53186460e-02
 -1.49242411e-02  1.45285688e-02 -1.41317326e-02 -1.37336567e-02
 -1.33345729e-02  1.29341851e-02 -1.25330873e-02 -1.21303707e-02
  1.17276226e-02  1.13222770e-02 -1.09185772e-02 -1.05095865e-02
 -1.01064571e-02  9.69104724e-03 -9.29191365e-03 -8.86324857e-03
  8.47548613e-03  8.01910973e-03 -7.65609968e-03 -7.15677295e-03
 -6.82631542e-03 -6.35120973e-03  5.96244952e-03  5.79956700e-03
 -5.01130888e-03  5.45038901e-03 -3.88526772e-03 -5.10433204e-03
 -2.53713849e-03 -4.67636567e-03  1.25426240e-03 -3.94040292e-03
 -4.83747599e-04 -2.81826788e-03  1.51459997e-04 -1.47056559e-03]


[ 3.12016236e-10  2.46775908e-06  7.13075598e-04  1.41240936e-03
  2.09024218e-03  2.74628799e-03  3.38348791e-03  4.00550139e-03
  4.61548061e-03 -5.21584486e-03 -5.80841109e-03  6.39450508e-03
  6.97512617e-03  7.55100957e-03  8.12271764e-03 -8.69066741e-03
 -9.25517833e-03  9.81648604e-03  1.03747678e-02  1.09301507e-02
 -1.14827252e-02 -1.20325507e-02  1.25796634e-02 -1.31240795e-02
  1.36657997e-02  1.42048121e-02  1.47410942e-02 -1.52746151e-02
 -1.58053368e-02 -1.63332157e-02 -1.68582031e-02 -1.73802466e-02
 -1.78992905e-02 -1.84152761e-02  1.89281429e-02  1.94378282e-02
  1.99442679e-02 -2.04473967e-02 -2.09471481e-02  2.14434551e-02
  2.19362499e-02  2.24254641e-02 -2.29110294e-02  2.33928768e-02
  2.38709375e-02  2.43451426e-02  2.48154232e-02 -2.52817105e-02
 -2.57439359e-02  2.62020312e-02 -2.66559283e-02 -2.71055595e-02
 -2.75508575e-02  2.79917554e-02 -2.84281868e-02  2.88600857e-02
 -2.92873867e-02 -2.97100250e-02  3.01279361e-02 -3.05410563e-02
  3.09493227e-02 -3.13526726e-02  3.17510443e-02 -3.21443766e-02
  3.25326092e-02  3.29156822e-02  3.32935367e-02  3.36661145e-02
 -3.40333580e-02  3.43952105e-02 -3.47516162e-02 -3.51025198e-02
 -3.54478671e-02  3.57876045e-02  3.61216795e-02  3.64500401e-02
  3.67726355e-02 -3.70894156e-02 -3.74003312e-02  3.77053339e-02
  3.80043764e-02 -3.82974123e-02  3.85843958e-02 -3.88652824e-02
  3.91400283e-02  3.94085908e-02  3.96709280e-02  3.99269992e-02
 -4.01767644e-02 -4.04201847e-02 -4.06572222e-02  4.08878399e-02
 -4.11120019e-02 -4.13296732e-02  4.15408200e-02  4.17454092e-02
 -4.19434091e-02 -4.21347887e-02  4.23195181e-02  4.24975687e-02
 -4.26689126e-02 -4.28335230e-02  4.29913745e-02 -4.31424422e-02
  4.32867028e-02 -4.34241336e-02 -4.35547134e-02  4.36784217e-02
  4.37952393e-02  4.39051480e-02  4.40081307e-02 -4.41041714e-02
  4.41932551e-02 -4.42753681e-02  4.43504975e-02  4.44186317e-02
 -4.44797601e-02  4.45338734e-02 -4.45809630e-02 -4.46210219e-02
 -4.46540438e-02 -4.46800237e-02  4.46989576e-02  4.47108428e-02
  4.47156774e-02  4.47134609e-02 -4.47041938e-02 -4.46878776e-02
  4.46645151e-02  4.46341100e-02  4.45966674e-02  4.45521931e-02
 -4.45006944e-02  4.44421795e-02 -4.43766576e-02 -4.43041394e-02
  4.42246362e-02  4.41381607e-02 -4.40447267e-02 -4.39443489e-02
  4.38370434e-02 -4.37228271e-02 -4.36017181e-02 -4.34737355e-02
 -4.33388998e-02  4.31972321e-02 -4.30487549e-02  4.28934916e-02
  4.27314670e-02  4.25627064e-02 -4.23872367e-02  4.22050856e-02
 -4.20162818e-02 -4.18208552e-02  4.16188366e-02 -4.14102580e-02
 -4.11951523e-02  4.09735535e-02 -4.07454965e-02  4.05110173e-02
  4.02701531e-02 -4.00229418e-02 -3.97694224e-02 -3.95096349e-02
  3.92436204e-02  3.89714209e-02  3.86930792e-02 -3.84086393e-02
 -3.81181461e-02 -3.78216454e-02  3.75191840e-02  3.72108097e-02
 -3.68965710e-02  3.65765176e-02  3.62506999e-02 -3.59191693e-02
 -3.55819782e-02 -3.52391796e-02  3.48908278e-02 -3.45369775e-02
  3.41776848e-02  3.38130061e-02  3.34429990e-02 -3.30677218e-02
  3.26872339e-02  3.23015950e-02 -3.19108662e-02 -3.15151089e-02
  3.11143856e-02  3.07087594e-02 -3.02982945e-02 -2.98830553e-02
  2.94631075e-02 -2.90385172e-02  2.86093515e-02  2.81756778e-02
  2.77375648e-02 -2.72950813e-02 -2.68482972e-02 -2.63972829e-02
 -2.59421095e-02 -2.54828489e-02 -2.50195733e-02 -2.45523558e-02
 -2.40812701e-02 -2.36063904e-02 -2.31277917e-02 -2.26455493e-02
 -2.21597393e-02  2.16704383e-02 -2.11777234e-02 -2.06816723e-02
  2.01823631e-02  1.96798746e-02 -1.91742860e-02 -1.86656770e-02
 -1.81541277e-02 -1.76397189e-02 -1.71225315e-02 -1.66026472e-02
  1.60801478e-02 -1.55551158e-02  1.50276338e-02  1.44977850e-02
 -1.39656530e-02 -1.34313217e-02  1.28948751e-02 -1.23563980e-02
 -1.18159751e-02  1.12736917e-02  1.07296332e-02 -1.01838854e-02
  9.63653430e-03 -9.08766618e-03 -8.53736754e-03  7.98572512e-03
  7.43282587e-03  6.87875693e-03  6.32360562e-03 -5.76745946e-03
  5.21040609e-03 -4.65253330e-03  4.09392904e-03 -3.53468132e-03
 -2.97487831e-03  2.41460823e-03 -1.85395938e-03  1.29302012e-03
 -7.31878858e-04  1.70624036e-04 -3.90655891e-04 -9.51872463e-04
  1.51293723e-03  2.07376177e-03  2.63425769e-03 -3.19433666e-03
  3.75391042e-03  4.31289076e-03  4.87118960e-03  5.42871894e-03
 -5.98539093e-03  6.54111783e-03 -7.09581206e-03  7.64938621e-03
 -8.20175302e-03  8.75282546e-03  9.30251667e-03 -9.85074003e-03
  1.03974091e-02 -1.09424378e-02 -1.14857402e-02  1.20272307e-02
  1.25668240e-02 -1.31044349e-02  1.36399789e-02 -1.41733714e-02
  1.47045285e-02 -1.52333664e-02 -1.57598018e-02 -1.62837518e-02
  1.68051337e-02 -1.73238654e-02  1.78398651e-02  1.83530516e-02
 -1.88633440e-02 -1.93706618e-02  1.98749252e-02  2.03760545e-02
 -2.08739710e-02 -2.13685961e-02 -2.18598518e-02  2.23476608e-02
  2.28319462e-02 -2.33126316e-02 -2.37896414e-02  2.42629003e-02
 -2.47323338e-02  2.51978679e-02 -2.56594293e-02  2.61169451e-02
  2.65703434e-02 -2.70195527e-02  2.74645021e-02 -2.79051217e-02
  2.83413419e-02  2.87730940e-02  2.92003099e-02  2.96229225e-02
 -3.00408650e-02  3.04540716e-02 -3.08624772e-02  3.12660174e-02
 -3.16646287e-02 -3.20582483e-02 -3.24468141e-02 -3.28302649e-02
  3.32085403e-02 -3.35815807e-02 -3.39493273e-02  3.43117221e-02
  3.46687081e-02 -3.50202290e-02  3.53662294e-02 -3.57066549e-02
  3.60414517e-02  3.63705671e-02  3.66939493e-02  3.70115473e-02
  3.73233111e-02 -3.76291915e-02 -3.79291404e-02 -3.82231105e-02
 -3.85110555e-02  3.87929300e-02  3.90686896e-02 -3.93382909e-02
  3.96016913e-02  3.98588495e-02  4.01097248e-02  4.03542778e-02
 -4.05924699e-02  4.08242637e-02 -4.10496225e-02  4.12685109e-02
  4.14808943e-02 -4.16867395e-02  4.18860139e-02 -4.20786860e-02
  4.22647257e-02  4.24441035e-02  4.26167913e-02 -4.27827618e-02
 -4.29419888e-02 -4.30944474e-02  4.32401134e-02 -4.33789640e-02
 -4.35109772e-02 -4.36361323e-02  4.37544096e-02  4.38657905e-02
  4.39702573e-02 -4.40677937e-02  4.41583843e-02 -4.42420149e-02
  4.43186722e-02 -4.43883442e-02  4.44510200e-02  4.45066896e-02
  4.45553444e-02 -4.45969766e-02  4.46315798e-02  4.46591484e-02
 -4.46796782e-02 -4.46931659e-02  4.46996095e-02  4.46990078e-02
  4.46913611e-02  4.46766706e-02 -4.46549385e-02 -4.46261683e-02
  4.45903646e-02 -4.45475330e-02 -4.44976803e-02 -4.44408143e-02
 -4.43769441e-02  4.43060797e-02  4.42282323e-02  4.41434142e-02
 -4.40516387e-02  4.39529204e-02  4.38472748e-02 -4.37347185e-02
  4.36152694e-02  4.34889462e-02  4.33557689e-02 -4.32157585e-02
  4.30689371e-02  4.29153278e-02  4.27549548e-02  4.25878434e-02
 -4.24140201e-02  4.22335121e-02 -4.20463479e-02  4.18525571e-02
 -4.16521702e-02 -4.14452188e-02  4.12317356e-02 -4.10117541e-02
 -4.07853091e-02  4.05524363e-02  4.03131723e-02  4.00675550e-02
 -3.98156229e-02 -3.95574159e-02  3.92929746e-02  3.90223408e-02
 -3.87455571e-02 -3.84626670e-02 -3.81737153e-02 -3.78787475e-02
 -3.75778100e-02 -3.72709504e-02  3.69582169e-02  3.66396589e-02
 -3.63153265e-02 -3.59852710e-02 -3.56495443e-02  3.53081994e-02
 -3.49612900e-02  3.46088709e-02  3.42509976e-02  3.38877265e-02
 -3.35191148e-02 -3.31452208e-02 -3.27661032e-02  3.23818219e-02
  3.19924374e-02  3.15980111e-02  3.11986053e-02 -3.07942827e-02
 -3.03851072e-02  2.99711433e-02 -2.95524562e-02 -2.91291118e-02
 -2.87011770e-02  2.82687192e-02  2.78318065e-02 -2.73905078e-02
 -2.69448926e-02 -2.64950313e-02  2.60409946e-02 -2.55828542e-02
  2.51206823e-02  2.46545517e-02 -2.41845358e-02  2.37107088e-02
 -2.32331454e-02  2.27519208e-02 -2.22671108e-02  2.17787919e-02
  2.12870410e-02  2.07919357e-02 -2.02935539e-02 -1.97919742e-02
 -1.92872757e-02  1.87795380e-02 -1.82688409e-02 -1.77552651e-02
  1.72388915e-02 -1.67198014e-02  1.61980767e-02  1.56737996e-02
  1.51470527e-02 -1.46179190e-02 -1.40864820e-02 -1.35528254e-02
 -1.30170332e-02  1.24791900e-02 -1.19393805e-02 -1.13976898e-02
 -1.08542033e-02  1.03090065e-02  9.76218553e-03 -9.21382643e-03
 -8.66401566e-03  8.11283989e-03 -7.56038596e-03 -7.00674095e-03
  6.45199212e-03 -5.89622688e-03  5.33953284e-03  4.78199772e-03
  4.22370939e-03  3.66475584e-03  3.10522515e-03 -2.54520551e-03
 -1.98478518e-03  1.42405248e-03 -8.63095770e-04 -3.02003463e-04
  2.59136017e-04  8.20234236e-04  1.38120277e-03  1.94195320e-03
  2.50239717e-03 -3.06244636e-03  3.62201249e-03  4.18100739e-03
  4.73934296e-03  5.29693121e-03  5.85368427e-03 -6.40951439e-03
  6.96433399e-03 -7.51805563e-03  8.07059205e-03 -8.62185616e-03
  9.17176110e-03 -9.72022021e-03  1.02671471e-02 -1.08124554e-02
 -1.13560594e-02  1.18978734e-02 -1.24378118e-02 -1.29757898e-02
 -1.35117224e-02 -1.40455253e-02 -1.45771143e-02 -1.51064056e-02
 -1.56333159e-02 -1.61577620e-02  1.66796614e-02 -1.71989318e-02
  1.77154914e-02  1.82292587e-02  1.87401528e-02  1.92480933e-02
 -1.97530000e-02  2.02547934e-02  2.07533944e-02 -2.12487244e-02
  2.17407055e-02  2.22292600e-02 -2.27143109e-02  2.31957819e-02
 -2.36735971e-02  2.41476812e-02 -2.46179594e-02 -2.50843576e-02
 -2.55468024e-02 -2.60052210e-02  2.64595409e-02 -2.69096908e-02
  2.73555995e-02 -2.77971970e-02  2.82344135e-02  2.86671801e-02
 -2.90954288e-02 -2.95190920e-02  2.99381029e-02  3.03523956e-02
 -3.07619047e-02 -3.11665657e-02  3.15663148e-02 -3.19610892e-02
  3.23508264e-02  3.27354652e-02  3.31149450e-02  3.34892059e-02
  3.38581890e-02 -3.42218360e-02 -3.45800899e-02  3.49328940e-02
  3.52801928e-02 -3.56219315e-02  3.59580564e-02 -3.62885145e-02
 -3.66132537e-02 -3.69322227e-02 -3.72453715e-02 -3.75526506e-02
 -3.78540116e-02 -3.81494070e-02  3.84387904e-02  3.87221160e-02
 -3.89993393e-02 -3.92704166e-02 -3.95353051e-02  3.97939633e-02
 -4.00463501e-02  4.02924261e-02 -4.05321523e-02 -4.07654909e-02
  4.09924054e-02  4.12128598e-02  4.14268194e-02 -4.16342506e-02
 -4.18351207e-02 -4.20293980e-02 -4.22170519e-02  4.23980529e-02
 -4.25723725e-02  4.27399831e-02 -4.29008584e-02 -4.30549731e-02
 -4.32023029e-02  4.33428245e-02  4.34765159e-02  4.36033560e-02
 -4.37233247e-02 -4.38364033e-02  4.39425739e-02 -4.40418198e-02
  4.41341254e-02  4.42194761e-02 -4.42978585e-02 -4.43692602e-02
  4.44336701e-02 -4.44910779e-02 -4.45414747e-02 -4.45848525e-02
 -4.46212045e-02  4.46505250e-02  4.46728094e-02  4.46880542e-02
 -4.46962569e-02 -4.46974164e-02  4.46915324e-02  4.46786059e-02
 -4.46586390e-02 -4.46316347e-02  4.45975974e-02  4.45565325e-02
 -4.45084464e-02  4.44533468e-02  4.43912422e-02  4.43221426e-02
 -4.42460588e-02  4.41630029e-02 -4.40729879e-02 -4.39760280e-02
 -4.38721386e-02 -4.37613360e-02 -4.36436378e-02  4.35190623e-02
 -4.33876294e-02  4.32493597e-02  4.31042751e-02 -4.29523984e-02
  4.27937536e-02  4.26283657e-02  4.24562607e-02  4.22774658e-02
 -4.20920092e-02  4.18999202e-02 -4.17012290e-02 -4.14959669e-02
  4.12841664e-02 -4.10658608e-02  4.08410845e-02 -4.06098729e-02
  4.03722626e-02  4.01282909e-02  3.98779964e-02 -3.96214185e-02
 -3.93585976e-02  3.90895752e-02  3.88143937e-02  3.85330964e-02
 -3.82457278e-02 -3.79523331e-02  3.76529585e-02  3.73476513e-02
  3.70364596e-02 -3.67194324e-02 -3.63966198e-02  3.60680726e-02
 -3.57338425e-02 -3.53939823e-02 -3.50485456e-02 -3.46975868e-02
  3.43411612e-02  3.39793250e-02 -3.36121352e-02 -3.32396498e-02
 -3.28619274e-02 -3.24790276e-02  3.20910107e-02  3.16979379e-02
 -3.12998712e-02  3.08968732e-02  3.04890076e-02 -3.00763386e-02
  2.96589312e-02 -2.92368512e-02  2.88101652e-02 -2.83789405e-02
 -2.79432449e-02 -2.75031472e-02  2.70587167e-02 -2.66100235e-02
  2.61571383e-02  2.57001325e-02  2.52390781e-02 -2.47740478e-02
  2.43051149e-02  2.38323533e-02 -2.33558374e-02  2.28756425e-02
  2.23918442e-02  2.19045187e-02 -2.14137428e-02 -2.09195940e-02
 -2.04221500e-02  1.99214894e-02 -1.94176909e-02  1.89108340e-02
 -1.84009986e-02 -1.78882650e-02 -1.73727141e-02  1.68544271e-02
 -1.63334857e-02 -1.58099720e-02 -1.52839684e-02 -1.47555580e-02
 -1.42248239e-02 -1.36918498e-02 -1.31567198e-02  1.26195181e-02
  1.20803295e-02  1.15392388e-02  1.09963315e-02  1.04516929e-02
 -9.90540904e-03  9.35756593e-03 -8.80824993e-03  8.25754760e-03
 -7.70554573e-03 -7.15233132e-03 -6.59799156e-03  6.04261380e-03
  5.48628557e-03 -4.92909454e-03  4.37112852e-03  3.81247546e-03
 -3.25322337e-03 -2.69346041e-03 -2.13327478e-03  1.57275477e-03
 -1.01198870e-03 -4.51064951e-04  1.09928084e-04  6.70901998e-04
  1.23176839e-03 -1.79243887e-03  2.35282509e-03 -2.91283873e-03
 -3.47239155e-03  4.03139538e-03 -4.58976210e-03 -5.14740375e-03
  5.70423245e-03 -6.26016044e-03  6.81510012e-03  7.36896405e-03
 -7.92166495e-03  8.47311572e-03  9.02322947e-03 -9.57191951e-03
  1.01190994e-02  1.06646829e-02 -1.12085840e-02  1.17507170e-02
  1.22909966e-02  1.28293375e-02  1.33656549e-02 -1.38998644e-02
 -1.44318818e-02 -1.49616232e-02  1.54890051e-02  1.60139445e-02
 -1.65363587e-02 -1.70561653e-02 -1.75732824e-02 -1.80876286e-02
  1.85991228e-02 -1.91076844e-02  1.96132333e-02 -2.01156899e-02
 -2.06149749e-02 -2.11110097e-02 -2.16037162e-02  2.20930167e-02
  2.25788342e-02 -2.30610920e-02 -2.35397143e-02 -2.40146256e-02
 -2.44857510e-02 -2.49530165e-02  2.54163483e-02  2.58756735e-02
 -2.63309196e-02  2.67820151e-02  2.72288888e-02  2.76714702e-02
 -2.81096898e-02 -2.85434785e-02 -2.89727679e-02  2.93974904e-02
  2.98175792e-02  3.02329680e-02 -3.06435913e-02 -3.10493847e-02
  3.14502840e-02  3.18462262e-02 -3.22371489e-02  3.26229905e-02
  3.30036903e-02 -3.33791883e-02 -3.37494254e-02 -3.41143433e-02
 -3.44738844e-02 -3.48279922e-02 -3.51766109e-02 -3.55196856e-02
  3.58571623e-02  3.61889879e-02  3.65151101e-02  3.68354775e-02
  3.71500397e-02 -3.74587472e-02 -3.77615514e-02  3.80584046e-02
 -3.83492600e-02  3.86340720e-02 -3.89127957e-02 -3.91853871e-02
 -3.94518034e-02 -3.97120027e-02 -3.99659441e-02 -4.02135874e-02
 -4.04548939e-02  4.06898255e-02  4.09183452e-02 -4.11404172e-02
  4.13560065e-02  4.15650791e-02  4.17676022e-02  4.19635439e-02
 -4.21528735e-02  4.23355612e-02  4.25115782e-02  4.26808969e-02
  4.28434908e-02 -4.29993341e-02 -4.31484025e-02  4.32906726e-02
  4.34261220e-02 -4.35547295e-02 -4.36764748e-02 -4.37913389e-02
  4.38993038e-02  4.40003525e-02  4.40944693e-02  4.41816394e-02
 -4.42618491e-02 -4.43350859e-02 -4.44013384e-02 -4.44605963e-02
 -4.45128502e-02  4.45580922e-02  4.45963151e-02  4.46275132e-02
 -4.46516815e-02 -4.46688164e-02 -4.46789153e-02 -4.46819768e-02
  4.46780005e-02 -4.46669872e-02 -4.46489387e-02 -4.46238581e-02
  4.45917494e-02 -4.45526178e-02 -4.45064698e-02  4.44533126e-02
 -4.43931549e-02 -4.43260063e-02  4.42518775e-02  4.41707804e-02
 -4.40827281e-02  4.39877344e-02  4.38858147e-02 -4.37769851e-02
 -4.36612630e-02 -4.35386669e-02 -4.34092163e-02 -4.32729318e-02
  4.31298351e-02 -4.29799491e-02  4.28232975e-02 -4.26599054e-02
 -4.24897987e-02  4.23130045e-02  4.21295510e-02 -4.19394673e-02
  4.17427837e-02 -4.15395315e-02 -4.13297431e-02  4.11134518e-02
  4.08906921e-02  4.06614994e-02 -4.04259102e-02  4.01839620e-02
 -3.99356934e-02  3.96811438e-02 -3.94203539e-02  3.91533651e-02
  3.88802199e-02  3.86009620e-02 -3.83156358e-02  3.80242868e-02
 -3.77269614e-02 -3.74237071e-02  3.71145722e-02  3.67996060e-02
 -3.64788589e-02  3.61523821e-02 -3.58202276e-02  3.54824486e-02
 -3.51390991e-02 -3.47902339e-02 -3.44359089e-02  3.40761808e-02
  3.37111072e-02 -3.33407466e-02 -3.29651584e-02 -3.25844029e-02
 -3.21985412e-02 -3.18076352e-02  3.14117479e-02  3.10109429e-02
 -3.06052848e-02  3.01948390e-02  2.97796718e-02  2.93598501e-02
  2.89354420e-02 -2.85065161e-02 -2.80731421e-02  2.76353901e-02
 -2.71933315e-02 -2.67470383e-02  2.62965832e-02  2.58420399e-02
 -2.53834827e-02 -2.49209870e-02 -2.44546287e-02  2.39844847e-02
 -2.35106327e-02 -2.30331508e-02  2.25521187e-02  2.20676153e-02
  2.15797235e-02 -2.10885203e-02  2.05940962e-02  2.00965182e-02
  1.95958976e-02 -1.90922679e-02  1.85858003e-02  1.80764262e-02
  1.75644889e-02 -1.70496266e-02  1.65326659e-02  1.60124285e-02
 -1.54910665e-02 -1.49651923e-02  1.44404999e-02  1.39077747e-02
  1.33819233e-02 -1.28387905e-02  1.23164939e-02  1.17539798e-02
 -1.12452294e-02 -1.06441843e-02  1.01670131e-02  9.50714954e-03
  9.07226932e-03  8.44281971e-03 -7.92978506e-03 -7.71411887e-03
  6.66898492e-03 -7.25368049e-03  5.17328700e-03  6.79661382e-03
  3.37980172e-03  6.22957487e-03 -1.67147254e-03  5.25112867e-03
  6.44841136e-04  3.75678787e-03 -2.01934114e-04  1.96063286e-03]
