0.000000000000000 1.000000000000000
0.010000000000000 0.990050773930980
0.020000000000000 0.980200552939383
0.030000000000000 0.970448352003123
0.040000000000000 0.960793195902121
0.050000000000000 0.951234119120782
0.060000000000000 0.941770165751441
0.070000000000000 0.932400389398776
0.080000000000000 0.923123853085167
0.090000000000000 0.913939629156995
0.100000000000000 0.904846799191883
0.110000000000000 0.895844453906849
0.120000000000000 0.886931693067378
0.130000000000000 0.878107625397401
0.140000000000000 0.869371368490165
0.150000000000000 0.860722048719994
0.160000000000000 0.852158801154924
0.170000000000000 0.843680769470215
0.180000000000000 0.835287105862711
0.190000000000000 0.826976970966067
0.200000000000000 0.818749533766807
0.210000000000000 0.810603971521225
0.220000000000000 0.802539469673111
0.230000000000000 0.794555221772295
0.240000000000000 0.786650429394001
0.250000000000000 0.778824302059005
0.260000000000000 0.771076057154589
0.270000000000000 0.763404919856275
0.280000000000000 0.755810123050349
0.290000000000000 0.748290907257144
0.300000000000000 0.740846520555094
0.310000000000000 0.733476218505546
0.320000000000000 0.726179264078306
0.330000000000000 0.718954927577948
0.340000000000000 0.711802486570834
0.350000000000000 0.704721225812880
0.360000000000000 0.697710437178022
0.370000000000000 0.690769419587413
0.380000000000000 0.683897478939306
0.390000000000000 0.677093928039652
0.400000000000000 0.670358086533375
0.410000000000000 0.663689280836338
0.420000000000000 0.657086844067986
0.430000000000000 0.650550115984656
0.440000000000000 0.644078442913554
0.450000000000000 0.637671177687387
0.460000000000000 0.631327679579646
0.470000000000000 0.625047314240536
0.480000000000000 0.618829453633536
0.490000000000000 0.612673475972599
0.500000000000000 0.606578765659975
0.510000000000000 0.600544713224645
0.520000000000000 0.594570715261379
0.530000000000000 0.588656174370397
0.540000000000000 0.582800499097623
0.550000000000000 0.577003103875543
0.560000000000000 0.571263408964650
0.570000000000000 0.565580840395467
0.580000000000000 0.559954829911150
0.590000000000000 0.554384814910666
0.600000000000000 0.548870238392528
0.610000000000000 0.543410548899099
0.620000000000000 0.538005200461443
0.630000000000000 0.532653652544730
0.640000000000000 0.527355369994183
0.650000000000000 0.522109822981561
0.660000000000000 0.516916486952176
0.670000000000000 0.511774842572440
0.680000000000000 0.506684375677928
0.690000000000000 0.501644577221965
0.700000000000000 0.496654943224720
0.710000000000000 0.491714974722806
0.720000000000000 0.486824177719387
0.730000000000000 0.481982063134777
0.740000000000000 0.477188146757531
0.750000000000000 0.472441949196026
0.760000000000000 0.467742995830518
0.770000000000000 0.463090816765686
0.780000000000000 0.458484946783637
0.790000000000000 0.453924925297386
0.800000000000000 0.449410296304799
0.810000000000000 0.444940608342990
0.820000000000000 0.440515414443176
0.830000000000000 0.436134272085982
0.840000000000000 0.431796743157186
0.850000000000000 0.427502393903908
0.860000000000000 0.423250794891236
0.870000000000000 0.419041520959285
0.880000000000000 0.414874151180673
0.890000000000000 0.410748268818436
0.900000000000000 0.406663461284353
0.910000000000000 0.402619320097683
0.920000000000000 0.398615440844321
0.930000000000000 0.394651423136356
0.940000000000000 0.390726870572031
0.950000000000000 0.386841390696102
0.960000000000000 0.382994594960596
0.970000000000000 0.379186098685953
0.980000000000000 0.375415521022558
0.990000000000000 0.371682484912660
1.000000000000000 0.367986617052660
1.010000000000000 0.364327547855786
1.020000000000000 0.360704911415132
1.030000000000000 0.357118345467068
1.040000000000000 0.353567491355012
1.050000000000000 0.350051993993566
1.060000000000000 0.346571501833007
1.070000000000000 0.343125666824134
1.080000000000000 0.339714144383457
1.090000000000000 0.336336593358748
1.100000000000000 0.332992675994917
1.110000000000000 0.329682057900240
1.120000000000000 0.326404408012922
1.130000000000000 0.323159398567987
1.140000000000000 0.319946705064504
1.150000000000000 0.316766006233136
1.160000000000000 0.313616984004013
1.170000000000000 0.310499323474925
1.180000000000000 0.307412712879834
1.190000000000000 0.304356843557691
1.200000000000000 0.301331409921580
1.210000000000000 0.298336109428148
1.220000000000000 0.295370642547360
1.230000000000000 0.292434712732542
1.240000000000000 0.289528026390724
1.250000000000000 0.286650292853285
1.260000000000000 0.283801224346886
1.270000000000000 0.280980535964688
1.280000000000000 0.278187945637866
1.290000000000000 0.275423174107400
1.300000000000000 0.272685944896152
1.310000000000000 0.269975984281211
1.320000000000000 0.267293021266531
1.330000000000000 0.264636787555822
1.340000000000000 0.262007017525727
1.350000000000000 0.259403448199254
1.360000000000000 0.256825819219485
1.370000000000000 0.254273872823535
1.380000000000000 0.251747353816776
1.390000000000000 0.249246009547321
1.400000000000000 0.246769589880756
1.410000000000000 0.244317847175127
1.420000000000000 0.241890536256175
1.430000000000000 0.239487414392823
1.440000000000000 0.237108241272896
1.450000000000000 0.234752778979096
1.460000000000000 0.232420791965204
1.470000000000000 0.230112047032534
1.480000000000000 0.227826313306604
1.490000000000000 0.225563362214053
1.500000000000000 0.223322967459787
1.510000000000000 0.221104905004341
1.520000000000000 0.218908953041483
1.530000000000000 0.216734891976029
1.540000000000000 0.214582504401885
1.550000000000000 0.212451575080306
1.560000000000000 0.210341890918372
1.570000000000000 0.208253240947680
1.580000000000000 0.206185416303246
1.590000000000000 0.204138210202616
1.600000000000000 0.202111417925194
1.610000000000000 0.200104836791764
1.620000000000000 0.198118266144224
1.630000000000000 0.196151507325524
1.640000000000000 0.194204363659792
1.650000000000000 0.192276640432676
1.660000000000000 0.190368144871863
1.670000000000000 0.188478686127811
1.680000000000000 0.186608075254658
1.690000000000000 0.184756125191327
1.700000000000000 0.182922650742825
1.710000000000000 0.181107468561720
1.720000000000000 0.179310397129805
1.730000000000000 0.177531256739949
1.740000000000000 0.175769869478126
1.750000000000000 0.174026059205620
1.760000000000000 0.172299651541418
1.770000000000000 0.170590473844764
1.780000000000000 0.168898355197900
1.790000000000000 0.167223126388975
1.800000000000000 0.165564619895119
1.810000000000000 0.163922669865694
1.820000000000000 0.162297112105710
1.830000000000000 0.160687784059402
1.840000000000000 0.159094524793978
1.850000000000000 0.157517174983522
1.860000000000000 0.155955576893066
1.870000000000000 0.154409574362812
1.880000000000000 0.152879012792519
1.890000000000000 0.151363739126042
1.900000000000000 0.149863601836025
1.910000000000000 0.148378450908752
1.920000000000000 0.146908137829140
1.930000000000000 0.145452515565894
1.940000000000000 0.144011438556799
1.950000000000000 0.142584762694166
1.960000000000000 0.141172345310419
1.970000000000000 0.139774045163833
1.980000000000000 0.138389722424403
1.990000000000000 0.137019238659867
2.000000000000000 0.135662456821861
2.010000000000000 0.134319241232211
2.020000000000000 0.132989457569370
2.030000000000000 0.131672972854983
2.040000000000000 0.130369655440590
2.050000000000000 0.129079374994461
2.060000000000000 0.127802002488563
2.070000000000000 0.126537410185655
2.080000000000000 0.125285471626520
2.090000000000000 0.124046061617311
2.100000000000000 0.122819056217040
2.110000000000000 0.121604332725177
2.120000000000000 0.120401769669384
2.130000000000000 0.119211246793367
2.140000000000000 0.118032645044849
2.150000000000000 0.116865846563667
2.160000000000000 0.115710734669982
2.170000000000000 0.114567193852617
2.180000000000000 0.113435109757501
2.190000000000000 0.112314369176235
2.200000000000000 0.111204860034772
2.210000000000000 0.110106471382208
2.220000000000000 0.109019093379689
2.230000000000000 0.107942617289426
2.240000000000000 0.106876935463819
2.250000000000000 0.105821941334698
2.260000000000000 0.104777529402660
2.270000000000000 0.103743595226523
2.280000000000000 0.102720035412879
2.290000000000000 0.101706747605757
2.300000000000000 0.100703630476388
2.310000000000000 0.099710583713069
2.320000000000000 0.098727508011134
2.330000000000000 0.097754305063023
2.340000000000000 0.096790877548453
2.350000000000000 0.095837129124681
2.360000000000000 0.094892964416876
2.370000000000000 0.093958289008577
2.380000000000000 0.093033009432255
2.390000000000000 0.092117033159960
2.400000000000000 0.091210268594077
2.410000000000000 0.090312625058160
2.420000000000000 0.089424012787863
2.430000000000000 0.088544342921972
2.440000000000000 0.087673527493509
2.450000000000000 0.086811479420941
2.460000000000000 0.085958112499471
2.470000000000000 0.085113341392418
2.480000000000000 0.084277081622679
2.490000000000000 0.083449249564289
2.500000000000000 0.082629762434052
2.510000000000000 0.081818538283263
2.520000000000000 0.081015495989519
2.530000000000000 0.080220555248599
2.540000000000000 0.079433636566439
2.550000000000000 0.078654661251180
2.560000000000000 0.077883551405301
2.570000000000000 0.077120229917827
2.580000000000000 0.076364620456619
2.590000000000000 0.075616647460740
2.600000000000000 0.074876236132900
2.610000000000000 0.074143312431977
2.620000000000000 0.073417803065608
2.630000000000000 0.072699635482868
2.640000000000000 0.071988737867007
2.650000000000000 0.071285039128274
2.660000000000000 0.070588468896803
2.670000000000000 0.069898957515581
2.680000000000000 0.069216436033479
2.690000000000000 0.068540836198358
2.700000000000000 0.067872090450244
2.710000000000000 0.067210131914571
2.720000000000000 0.066554894395495
2.730000000000000 0.065906312369273
2.740000000000000 0.065264320977712
2.750000000000000 0.064628856021681
2.760000000000000 0.063999853954694
2.770000000000000 0.063377251876554
2.780000000000000 0.062760987527060
2.790000000000000 0.062150999279788
2.800000000000000 0.061547226135921
2.810000000000000 0.060949607718155
2.820000000000000 0.060358084264655
2.830000000000000 0.059772596623085
2.840000000000000 0.059193086244691
2.850000000000000 0.058619495178443
2.860000000000000 0.058051766065242
2.870000000000000 0.057489842132187
2.880000000000000 0.056933667186892
2.890000000000000 0.056383185611872
2.900000000000000 0.055838342358977
2.910000000000000 0.055299082943891
2.920000000000000 0.054765353440682
2.930000000000000 0.054237100476406
2.940000000000000 0.053714271225775
2.950000000000000 0.053196813405874
2.960000000000000 0.052684675270929
2.970000000000000 0.052177805607134
2.980000000000000 0.051676153727531
2.990000000000000 0.051179669466940
3.000000000000000 0.050688303176944
3.010000000000000 0.050202005720921
3.020000000000000 0.049720728469135
3.030000000000000 0.049244423293867
3.040000000000000 0.048773042564609
3.050000000000000 0.048306539143296
3.060000000000000 0.047844866379593
3.070000000000000 0.047387978106232
3.080000000000000 0.046935828634394
3.090000000000000 0.046488372749138
3.100000000000000 0.046045565704885
3.110000000000000 0.045607363220938
3.120000000000000 0.045173721477056
3.130000000000000 0.044744597109072
3.140000000000000 0.044319947204558
3.150000000000000 0.043899729298530
3.160000000000000 0.043483901369205
3.170000000000000 0.043072421833799
3.180000000000000 0.042665249544364
3.190000000000000 0.042262343783680
3.200000000000000 0.041863664261178
3.210000000000000 0.041469171108912
3.220000000000000 0.041078824877576
3.230000000000000 0.040692586532553
3.240000000000000 0.040310417450016
3.250000000000000 0.039932279413064
3.260000000000000 0.039558134607901
3.270000000000000 0.039187945620052
3.280000000000000 0.038821675430627
3.290000000000000 0.038459287412614
3.300000000000000 0.038100745327218
3.310000000000000 0.037746013320237
3.320000000000000 0.037395055918478
3.330000000000000 0.037047838026207
3.340000000000000 0.036704324921642
3.350000000000000 0.036364482253479
3.360000000000000 0.036028276037459
3.370000000000000 0.035695672652966
3.380000000000000 0.035366638839669
3.390000000000000 0.035041141694194
3.400000000000000 0.034719148666831
3.410000000000000 0.034400627558286
3.420000000000000 0.034085546516454
3.430000000000000 0.033773874033237
3.440000000000000 0.033465578941393
3.450000000000000 0.033160630411420
3.460000000000000 0.032858997948471
3.470000000000000 0.032560651389307
3.480000000000000 0.032265560899276
3.490000000000000 0.031973696969338
3.500000000000000 0.031685030413105
3.510000000000000 0.031399532363928
3.520000000000000 0.031117174272007
3.530000000000000 0.030837927901540
3.540000000000000 0.030561765327897
3.550000000000000 0.030288658934825
3.560000000000000 0.030018581411691
3.570000000000000 0.029751505750750
3.580000000000000 0.029487405244440
3.590000000000000 0.029226253482717
3.600000000000000 0.028968024350411
3.610000000000000 0.028712692024615
3.620000000000000 0.028460230972101
3.630000000000000 0.028210615946770
3.640000000000000 0.027963821987125
3.650000000000000 0.027719824413776
3.660000000000000 0.027478598826972
3.670000000000000 0.027240121104158
3.680000000000000 0.027004367397569
3.690000000000000 0.026771314131838
3.700000000000000 0.026540938001646
3.710000000000000 0.026313215969384
3.720000000000000 0.026088125262854
3.730000000000000 0.025865643372992
3.740000000000000 0.025645748051613
3.750000000000000 0.025428417309190
3.760000000000000 0.025213629412655
3.770000000000000 0.025001362883223
3.780000000000000 0.024791596494246
3.790000000000000 0.024584309269090
3.800000000000000 0.024379480479039
3.810000000000000 0.024177089641217
3.820000000000000 0.023977116516546
3.830000000000000 0.023779541107718
3.840000000000000 0.023584343657198
3.850000000000000 0.023391504645245
3.860000000000000 0.023201004787962
3.870000000000000 0.023012825035370
3.880000000000000 0.022826946569497
3.890000000000000 0.022643350802500
3.900000000000000 0.022462019374809
3.910000000000000 0.022282934153285
3.920000000000000 0.022106077229411
3.930000000000000 0.021931430917498
3.940000000000000 0.021758977752919
3.950000000000000 0.021588700490363
3.960000000000000 0.021420582102108
3.970000000000000 0.021254605776319
3.980000000000000 0.021090754915368
3.990000000000000 0.020929013134173
4.000000000000000 0.020769364258560
4.010000000000000 0.020611792323646
4.020000000000000 0.020456281572241
4.030000000000000 0.020302816453274
4.040000000000000 0.020151381620238
4.050000000000000 0.020001961929653
4.060000000000000 0.019854542439554
4.070000000000000 0.019709108407995
4.080000000000000 0.019565645291578
4.090000000000000 0.019424138743995
4.100000000000000 0.019284574614594
4.110000000000000 0.019146938946967
4.120000000000000 0.019011217977550
4.130000000000000 0.018877398134250
4.140000000000000 0.018745466035086
4.150000000000000 0.018615408486853
4.160000000000000 0.018487212483797
4.170000000000000 0.018360865206324
4.180000000000000 0.018236354019708
4.190000000000000 0.018113666472835
4.200000000000000 0.017992790296952
4.210000000000000 0.017873713404446
4.220000000000000 0.017756423887630
4.230000000000000 0.017640910017556
4.240000000000000 0.017527160242841
4.250000000000000 0.017415163188509
4.260000000000000 0.017304907654859
4.270000000000000 0.017196382616339
4.280000000000000 0.017089577220451
4.290000000000000 0.016984480786656
4.300000000000000 0.016881082805314
4.310000000000000 0.016779372936629
4.320000000000000 0.016679341009619
4.330000000000000 0.016580977021093
4.340000000000000 0.016484271134654
4.350000000000001 0.016389213679718
4.360000000000000 0.016295795150540
4.370000000000000 0.016204006205271
4.380000000000000 0.016113837665018
4.390000000000000 0.016025280512931
4.400000000000000 0.015938325893296
4.410000000000000 0.015852965110654
4.420000000000000 0.015769189628930
4.430000000000000 0.015686991070576
4.440000000000000 0.015606361215740
4.450000000000000 0.015527292001438
4.460000000000000 0.015449775520752
4.470000000000000 0.015373804022034
4.480000000000000 0.015299369908139
4.490000000000000 0.015226465735655
4.500000000000000 0.015155084214169
4.510000000000000 0.015085218205529
4.520000000000000 0.015016860723137
4.530000000000000 0.014950004931247
4.540000000000000 0.014884644144281
4.550000000000000 0.014820771826163
4.560000000000000 0.014758381589661
4.570000000000000 0.014697467195756
4.580000000000000 0.014638022553007
4.590000000000000 0.014580041716954
4.600000000000001 0.014523518889514
4.610000000000000 0.014468448418406
4.620000000000000 0.014414824796584
4.630000000000000 0.014362642661687
4.640000000000000 0.014311896795504
4.650000000000000 0.014262582123449
4.660000000000000 0.014214693714057
4.670000000000000 0.014168226778487
4.680000000000000 0.014123176670047
4.690000000000000 0.014079538883728
4.700000000000000 0.014037309055753
4.710000000000000 0.013996482963139
4.720000000000000 0.013957056523278
4.730000000000000 0.013919025793528
4.740000000000000 0.013882386970816
4.750000000000000 0.013847136391261
4.760000000000000 0.013813270529806
4.770000000000000 0.013780785999866
4.780000000000000 0.013749679552988
4.790000000000000 0.013719948078529
4.800000000000000 0.013691588603342
4.810000000000000 0.013664598291480
4.820000000000000 0.013638974443912
4.830000000000000 0.013614714498255
4.840000000000000 0.013591816028513
4.850000000000001 0.013570276744842
4.860000000000000 0.013550094493312
4.870000000000000 0.013531267255700
4.880000000000000 0.013513793149281
4.890000000000000 0.013497670426645
4.900000000000000 0.013482897475521
4.910000000000000 0.013469472818613
4.920000000000000 0.013457395113457
4.930000000000000 0.013446663152281
4.940000000000000 0.013437275861889
4.950000000000000 0.013429232303554
4.960000000000000 0.013422531672918
4.970000000000000 0.013417173299918
4.980000000000000 0.013413156648719
4.990000000000000 0.013410481317653
5.000000000000000 0.013409147039188
5.010000000000000 0.013409153679895
5.020000000000000 0.013410501240440
5.030000000000000 0.013413189855576
5.040000000000000 0.013417219794166
5.050000000000000 0.013422591459204
5.060000000000000 0.013429305387854
5.070000000000000 0.013437362251509
5.080000000000000 0.013446762855856
5.090000000000000 0.013457508140954
5.100000000000001 0.013469599181331
5.110000000000000 0.013483037186091
5.120000000000000 0.013497823499033
5.130000000000000 0.013513959598787
5.140000000000000 0.013531447098964
5.150000000000000 0.013550287748312
5.160000000000000 0.013570483430895
5.170000000000000 0.013592036166281
5.180000000000000 0.013614948109742
5.190000000000000 0.013639221552471
5.200000000000000 0.013664858921812
5.210000000000000 0.013691862781501
5.220000000000000 0.013720235831922
5.230000000000000 0.013749980910380
5.240000000000000 0.013781100991380
5.250000000000000 0.013813599186930
5.260000000000000 0.013847478746849
5.270000000000000 0.013882743059090
5.280000000000000 0.013919395650083
5.290000000000000 0.013957440185087
5.300000000000000 0.013996880468552
5.310000000000000 0.014037720444507
5.320000000000000 0.014079964196947
5.330000000000000 0.014123615950246
5.340000000000000 0.014168680069576
5.350000000000001 0.014215161061350
5.360000000000000 0.014263063573663
5.370000000000000 0.014312392396766
5.380000000000000 0.014363152463539
5.390000000000000 0.014415348849986
5.400000000000000 0.014468986775745
5.410000000000000 0.014524071604607
5.420000000000000 0.014580608845051
5.430000000000000 0.014638604150800
5.440000000000000 0.014698063321382
5.450000000000000 0.014758992302713
5.460000000000000 0.014821397187688
5.470000000000000 0.014885284216794
5.480000000000000 0.014950659778731
5.490000000000000 0.015017530411053
5.500000000000000 0.015085902800821
5.510000000000000 0.015155783785272
5.520000000000000 0.015227180352502
5.530000000000000 0.015300099642164
5.540000000000000 0.015374548946186
5.550000000000000 0.015450535709495
5.560000000000000 0.015528067530764
5.570000000000000 0.015607152163174
5.580000000000000 0.015687797515185
5.590000000000000 0.015770011651330
5.600000000000001 0.015853802793018
5.610000000000000 0.015939179319362
5.620000000000000 0.016026149768011
5.630000000000000 0.016114722836008
5.640000000000000 0.016204907380656
5.650000000000000 0.016296712420406
5.660000000000000 0.016390147135760
5.670000000000000 0.016485220870186
5.680000000000000 0.016581943131054
5.690000000000000 0.016680323590587
5.700000000000000 0.016780372086829
5.710000000000000 0.016882098624624
5.720000000000000 0.016985513376625
5.730000000000000 0.017090626684302
5.740000000000000 0.017197449058983
5.750000000000000 0.017305991182903
5.760000000000000 0.017416263910269
5.770000000000000 0.017528278268352
5.780000000000000 0.017642045458584
5.790000000000000 0.017757576857679
5.800000000000000 0.017874884018775
5.810000000000000 0.017993978672583
5.820000000000000 0.018114872728566
5.830000000000000 0.018237578276125
5.840000000000000 0.018362107585811
5.850000000000001 0.018488473110552
5.860000000000000 0.018616687486895
5.870000000000000 0.018746763536275
5.880000000000000 0.018878714266292
5.890000000000000 0.019012552872017
5.900000000000000 0.019148292737304
5.910000000000000 0.019285947436137
5.920000000000000 0.019425530733981
5.930000000000000 0.019567056589162
5.940000000000000 0.019710539154261
5.950000000000000 0.019855992777530
5.960000000000000 0.020003432004328
5.970000000000000 0.020152871578573
5.980000000000000 0.020304326444218
5.990000000000000 0.020457811746744
6.000000000000000 0.020613342834679
6.010000000000000 0.020770935261125
6.020000000000000 0.020930604785322
6.030000000000000 0.021092367374216
6.040000000000000 0.021256239204063
6.050000000000000 0.021422236662041
6.060000000000000 0.021590376347890
6.070000000000000 0.021760675075574
6.080000000000000 0.021933149874962
6.090000000000000 0.022107817993529
6.100000000000001 0.022284696898081
6.110000000000000 0.022463804276504
6.120000000000000 0.022645158039531
6.130000000000000 0.022828776322533
6.140000000000001 0.023014677487334
6.150000000000000 0.023202880124044
6.160000000000000 0.023393403052923
6.170000000000000 0.023586265326259
6.180000000000000 0.023781486230272
6.190000000000000 0.023979085287049
6.200000000000000 0.024179082256490
6.210000000000000 0.024381497138287
6.220000000000000 0.024586350173922
6.230000000000000 0.024793661848693
6.240000000000000 0.025003452893763
6.250000000000000 0.025215744288230
6.260000000000000 0.025430557261229
6.270000000000000 0.025647913294050
6.280000000000000 0.025867834122293
6.290000000000000 0.026090341738034
6.300000000000000 0.026315458392029
6.310000000000000 0.026543206595937
6.320000000000000 0.026773609124574
6.330000000000000 0.027006689018185
6.340000000000000 0.027242469584756
6.350000000000001 0.027480974402337
6.360000000000000 0.027722227321402
6.370000000000000 0.027966252467239
6.380000000000000 0.028213074242356
6.390000000000001 0.028462717328925
6.400000000000000 0.028715206691248
6.410000000000000 0.028970567578254
6.420000000000000 0.029228825526028
6.430000000000000 0.029490006360356
6.440000000000000 0.029754136199318
6.450000000000000 0.030021241455889
6.460000000000000 0.030291348840590
6.470000000000000 0.030564485364152
6.480000000000000 0.030840678340222
6.490000000000000 0.031119955388090
6.500000000000000 0.031402344435456
6.510000000000000 0.031687873721216
6.520000000000000 0.031976571798294
6.530000000000000 0.032268467536491
6.540000000000000 0.032563590125373
6.550000000000000 0.032861969077193
6.560000000000000 0.033163634229840
6.570000000000000 0.033468615749821
6.580000000000000 0.033776944135282
6.590000000000000 0.034088650219055
6.600000000000001 0.034403765171742
6.610000000000000 0.034722320504830
6.620000000000000 0.035044348073847
6.630000000000000 0.035369880081542
6.640000000000001 0.035698949081108
6.650000000000000 0.036031587979439
6.660000000000000 0.036367830040418
6.670000000000000 0.036707708888244
6.680000000000000 0.037051258510793
6.690000000000000 0.037398513263022
6.700000000000000 0.037749507870398
6.710000000000000 0.038104277432375
6.720000000000000 0.038462857425901
6.730000000000000 0.038825283708970
6.740000000000000 0.039191592524200
6.750000000000000 0.039561820502468
6.760000000000000 0.039936004666562
6.770000000000000 0.040314182434893
6.780000000000000 0.040696391625229
6.790000000000000 0.041082670458482
6.800000000000000 0.041473057562527
6.810000000000000 0.041867591976068
6.820000000000000 0.042266313152538
6.830000000000000 0.042669260964047
6.840000000000000 0.043076475705368
6.850000000000001 0.043487998097968
6.860000000000000 0.043903869294078
6.870000000000000 0.044324130880811
6.880000000000000 0.044748824884316
6.890000000000001 0.045177993773986
6.900000000000000 0.045611680466703
6.910000000000000 0.046049928331127
6.920000000000000 0.046492781192038
6.930000000000000 0.046940283334712
6.940000000000000 0.047392479509357
6.950000000000000 0.047849414935581
6.960000000000000 0.048311135306919
6.970000000000000 0.048777686795400
6.980000000000000 0.049249116056165
6.990000000000000 0.049725470232131
7.000000000000000 0.050206796958708
7.010000000000000 0.050693144368560
7.020000000000000 0.051184561096420
7.030000000000000 0.051681096283952
7.040000000000000 0.052182799584666
7.050000000000000 0.052689721168884
7.060000000000000 0.053201911728756
7.070000000000000 0.053719422483329
7.080000000000000 0.054242305183670
7.090000000000000 0.054770612118042
7.100000000000001 0.055304396117127
7.110000000000000 0.055843710559318
7.120000000000000 0.056388609376051
7.130000000000000 0.056939147057198
7.140000000000001 0.057495378656518
7.150000000000000 0.058057359797163
7.160000000000000 0.058625146677237
7.170000000000000 0.059198796075421
7.180000000000000 0.059778365356644
7.190000000000000 0.060363912477827
7.200000000000000 0.060955495993672
7.210000000000000 0.061553175062521
7.220000000000000 0.062157009452274
7.230000000000000 0.062767059546358
7.240000000000000 0.063383386349776
7.250000000000000 0.064006051495198
7.260000000000000 0.064635117249129
7.270000000000000 0.065270646518136
7.280000000000000 0.065912702855136
7.290000000000000 0.066561350465754
7.300000000000000 0.067216654214741
7.310000000000000 0.067878679632463
7.320000000000000 0.068547492921453
7.330000000000000 0.069223160963030
7.340000000000000 0.069905751323989
7.350000000000001 0.070595332263356
7.360000000000000 0.071291972739216
7.370000000000000 0.071995742415607
7.380000000000000 0.072706711669486
7.390000000000001 0.073424951597771
7.400000000000000 0.074150534024444
7.410000000000000 0.074883531507737
7.420000000000000 0.075624017347391
7.430000000000000 0.076372065591978
7.440000000000000 0.077127751046314
7.450000000000000 0.077891149278934
7.460000000000000 0.078662336629653
7.470000000000000 0.079441390217194
7.480000000000000 0.080228387946907
7.490000000000000 0.081023408518556
7.500000000000000 0.081826531434186
7.510000000000000 0.082637837006081
7.520000000000000 0.083457406364786
7.530000000000000 0.084285321467229
7.540000000000000 0.085121665104909
7.550000000000000 0.085966520912180
7.560000000000000 0.086819973374613
7.570000000000000 0.087682107837443
7.580000000000000 0.088553010514107
7.590000000000000 0.089432768494862
7.600000000000001 0.090321469755496
7.610000000000000 0.091219203166126
7.620000000000000 0.092126058500081
7.630000000000000 0.093042126442885
7.640000000000001 0.093967498601322
7.650000000000000 0.094902267512597
7.660000000000000 0.095846526653592
7.670000000000000 0.096800370450209
7.680000000000000 0.097763894286818
7.690000000000000 0.098737194515792
7.700000000000000 0.099720368467144
7.710000000000000 0.100713514458258
7.720000000000000 0.101716731803723
7.730000000000000 0.102730120825263
7.740000000000000 0.103753782861768
7.750000000000000 0.104787820279434
7.760000000000000 0.105832336481989
7.770000000000000 0.106887435921045
7.780000000000000 0.107953224106534
7.790000000000000 0.109029807617263
7.800000000000000 0.110117294111574
7.810000000000000 0.111215792338105
7.820000000000000 0.112325412146668
7.830000000000000 0.113446264499232
7.840000000000000 0.114578461481023
7.850000000000001 0.115722116311727
7.860000000000000 0.116877343356817
7.870000000000000 0.118044258138985
7.880000000000000 0.119222977349700
7.890000000000001 0.120413618860872
7.900000000000000 0.121616301736640
7.910000000000000 0.122831146245281
7.920000000000000 0.124058273871235
7.930000000000001 0.125297807327253
7.940000000000000 0.126549870566670
7.950000000000000 0.127814588795798
7.960000000000000 0.129092088486450
7.970000000000000 0.130382497388583
7.980000000000000 0.131685944543076
7.990000000000000 0.133002560294633
8.000000000000000 0.134332476304819
8.010000000000000 0.135675825565222
8.020000000000000 0.137032742410758
8.029999999999999 0.138403362533100
8.040000000000001 0.139787822994249
8.050000000000001 0.141186262240239
8.060000000000000 0.142598820114983
8.070000000000000 0.144025637874258
8.080000000000000 0.145466858199828
8.090000000000000 0.146922625213715
8.100000000000000 0.148393084492607
8.109999999999999 0.149878383082421
8.120000000000001 0.151378669513005
8.130000000000001 0.152894093812990
8.140000000000001 0.154424807524795
8.150000000000000 0.155970963719779
8.160000000000000 0.157532717013550
8.170000000000000 0.159110223581425
8.180000000000000 0.160703641174051
8.190000000000000 0.162313129133173
8.199999999999999 0.163938848407577
8.210000000000001 0.165580961569178
8.220000000000001 0.167239632829280
8.230000000000000 0.168915028054998
8.240000000000000 0.170607314785842
8.250000000000000 0.172316662250474
8.260000000000000 0.174043241383628
8.270000000000000 0.175787224843206
8.279999999999999 0.177548787027541
8.290000000000001 0.179328104092840
8.300000000000001 0.181125353970798
8.310000000000000 0.182940716386391
8.320000000000000 0.184774372875847
8.330000000000000 0.186626506804804
8.340000000000000 0.188497303386644
8.350000000000000 0.190386949701011
8.359999999999999 0.192295634712525
8.370000000000001 0.194223549289675
8.380000000000001 0.196170886223908
8.390000000000001 0.198137840248903
8.400000000000000 0.200124608060052
8.410000000000000 0.202131388334123
8.420000000000000 0.204158381749132
8.430000000000000 0.206205791004408
8.440000000000000 0.208273820840864
8.449999999999999 0.210362678061471
8.460000000000001 0.212472571551940
8.470000000000001 0.214603712301606
8.480000000000000 0.216756313424533
8.490000000000000 0.218930590180821
8.500000000000000 0.221126759998133
8.510000000000000 0.223345042493438
8.520000000000000 0.225585659494973
8.529999999999999 0.227848835064426
8.540000000000001 0.230134795519342
8.550000000000001 0.232443769455753
8.560000000000000 0.234775987771041
8.570000000000000 0.237131683687025
8.580000000000000 0.239511092773284
8.590000000000000 0.241914452970714
8.600000000000000 0.244342004615322
8.609999999999999 0.246793990462260
8.620000000000001 0.249270655710101
8.630000000000001 0.251772248025355
8.640000000000001 0.254299017567243
8.650000000000000 0.256851217012706
8.660000000000000 0.259429101581676
8.670000000000000 0.262032929062597
8.680000000000000 0.264662959838204
8.690000000000000 0.267319456911562
8.700000000000001 0.270002685932366
8.710000000000001 0.272712915223506
8.720000000000001 0.275450415807897
8.730000000000000 0.278215461435585
8.740000000000000 0.281008328611121
8.750000000000000 0.283829296621209
8.760000000000000 0.286678647562637
8.770000000000000 0.289556666370486
8.779999999999999 0.292463640846625
8.790000000000001 0.295399861688489
8.800000000000001 0.298365622518148
8.810000000000000 0.301361219911672
8.820000000000000 0.304386953428789
8.830000000000000 0.307443125642837
8.840000000000000 0.310530042171024
8.850000000000000 0.313648011704991
8.859999999999999 0.316797346041677
8.870000000000001 0.319978360114504
8.880000000000001 0.323191372024866
8.890000000000001 0.326436703073940
8.900000000000000 0.329714677794819
8.910000000000000 0.333025623984962
8.920000000000000 0.336369872738974
8.930000000000000 0.339747758481719
8.940000000000000 0.343159619001757
8.950000000000001 0.346605795485127
8.960000000000001 0.350086632549465
8.970000000000001 0.353602478278464
8.980000000000000 0.357153684256683
8.990000000000000 0.360740605604707
9.000000000000000 0.364363601014659
9.010000000000000 0.368023032786065
9.020000000000000 0.371719266862090
9.029999999999999 0.375452672866129
9.040000000000001 0.379223624138768
9.050000000000001 0.383032497775121
9.060000000000000 0.386879674662539
9.070000000000000 0.390765539518698
9.080000000000000 0.394690480930070
9.090000000000000 0.398654891390782
9.100000000000000 0.402659167341868
9.109999999999999 0.406703709210909
9.120000000000001 0.410788921452080
9.130000000000001 0.414915212586590
9.140000000000001 0.419082995243540
9.150000000000000 0.423292686201183
9.160000000000000 0.427544706428601
9.170000000000000 0.431839481127803
9.180000000000000 0.436177439776246
9.190000000000000 0.440559016169781
9.200000000000001 0.444984648466035
9.210000000000001 0.449454779228223
9.220000000000001 0.453969855469409
9.230000000000000 0.458530328697203
9.240000000000000 0.463136654958915
9.250000000000000 0.467789294887157
9.260000000000000 0.472488713745909
9.270000000000000 0.477235381477043
9.279999999999999 0.482029772747319
9.290000000000001 0.486872366995851
9.300000000000001 0.491763648482049
9.310000000000000 0.496704106334050
9.320000000000000 0.501694234597625
9.330000000000000 0.506734532285586
9.340000000000000 0.511825503427689
9.350000000000000 0.516967657121036
9.359999999999999 0.522161507580980
9.370000000000001 0.527407574192556
9.380000000000001 0.532706381562411
9.390000000000001 0.538058459571269
9.400000000000000 0.543464343426915
9.410000000000000 0.548924573717724
9.420000000000000 0.554439696466710
9.430000000000000 0.560010263186134
9.440000000000000 0.565636830932655
9.450000000000001 0.571319962363035
9.460000000000001 0.577060225790402
9.470000000000001 0.582858195241086
9.480000000000000 0.588714450512018
9.490000000000000 0.594629577228712
9.500000000000000 0.600604166903825
9.510000000000000 0.606638816996313
9.520000000000000 0.612734130971170
9.529999999999999 0.618890718359780
9.540000000000001 0.625109194820869
9.550000000000001 0.631390182202069
9.560000000000000 0.637734308602105
9.570000000000000 0.644142208433602
9.580000000000000 0.650614522486531
9.590000000000000 0.657151897992284
9.600000000000000 0.663754988688396
9.609999999999999 0.670424454883925
9.620000000000001 0.677160963525476
9.630000000000001 0.683965188263899
9.640000000000001 0.690837809521655
9.650000000000000 0.697779514560856
9.660000000000000 0.704790997551992
9.670000000000000 0.711872959643349
9.680000000000000 0.719026109031121
9.690000000000000 0.726251161030235
9.700000000000001 0.733548838145877
9.710000000000001 0.740919870145744
9.720000000000001 0.748364994133023
9.730000000000000 0.755884954620098
9.740000000000000 0.763480503603005
9.750000000000000 0.771152400636629
9.760000000000000 0.778901412910659
9.770000000000000 0.786728315326308
9.779999999999999 0.794633890573805
9.790000000000001 0.802618929210661
9.800000000000001 0.810684229740726
9.810000000000000 0.818830598694039
9.820000000000000 0.827058850707482
9.830000000000000 0.835369808606242
9.840000000000000 0.843764303486095
9.850000000000000 0.852243174796517
9.859999999999999 0.860807270424624
9.870000000000001 0.869457446779965
9.880000000000001 0.878194568880162
9.890000000000001 0.887019510437412
9.900000000000000 0.895933153945856
9.910000000000000 0.904936390769832
9.920000000000000 0.914030121233009
9.930000000000000 0.923215254708419
9.940000000000000 0.932492709709396
9.950000000000001 0.941863413981426
9.960000000000001 0.951328304594923
9.970000000000001 0.960888328038934
9.980000000000000 0.970544440315791
9.990000000000000 0.980297607036706
10.000000000000000 0.990148803518339
