0.000000000000000 1.000000000000000
0.010000000000000 0.990050773881329
0.020000000000000 0.980200552840085
0.030000000000000 0.970448351854126
0.040000000000000 0.960793195703472
0.050000000000000 0.951234118872388
0.060000000000000 0.941770165453391
0.070000000000000 0.932400389050939
0.080000000000000 0.923123852687670
0.090000000000000 0.913939628709670
0.100000000000000 0.904846798694898
0.110000000000000 0.895844453359997
0.120000000000000 0.886931692470867
0.130000000000000 0.878107624750986
0.140000000000000 0.869371367794095
0.150000000000000 0.860722047973984
0.160000000000000 0.852158800359266
0.170000000000000 0.843680768624584
0.180000000000000 0.835287104967439
0.190000000000000 0.826976970020791
0.200000000000000 0.818749532771899
0.210000000000000 0.810603970476284
0.220000000000000 0.802539468578550
0.230000000000000 0.794555220627675
0.240000000000000 0.786650428199774
0.250000000000000 0.778824300814693
0.260000000000000 0.771076055860685
0.270000000000000 0.763404918512264
0.280000000000000 0.755810121656764
0.290000000000000 0.748290905813431
0.300000000000000 0.740846519061828
0.310000000000000 0.733476216962131
0.320000000000000 0.726179262485360
0.330000000000000 0.718954925934837
0.340000000000000 0.711802484878215
0.350000000000000 0.704721224070081
0.360000000000000 0.697710435385741
0.370000000000000 0.690769417744940
0.380000000000000 0.683897477047378
0.390000000000000 0.677093926097521
0.400000000000000 0.670358084541819
0.410000000000000 0.663689278794570
0.420000000000000 0.657086841976824
0.430000000000000 0.650550113843276
0.440000000000000 0.644078440722814
0.450000000000000 0.637671175446425
0.460000000000000 0.631327677289360
0.470000000000000 0.625047311900024
0.480000000000000 0.618829451243737
0.490000000000000 0.612673473532575
0.500000000000000 0.606578763170703
0.510000000000000 0.600544710685148
0.520000000000000 0.594570712672678
0.530000000000000 0.588656171731475
0.540000000000000 0.582800496409539
0.550000000000000 0.577003101137245
0.560000000000000 0.571263406177236
0.570000000000000 0.565580837557845
0.580000000000000 0.559954827024460
0.590000000000000 0.554384811973778
0.600000000000000 0.548870235406622
0.610000000000000 0.543410545863007
0.620000000000000 0.538005197376384
0.630000000000000 0.532653649409499
0.640000000000000 0.527355366810039
0.650000000000000 0.522109819747260
0.660000000000000 0.516916483669018
0.670000000000000 0.511774839239143
0.680000000000000 0.506684372295832
0.690000000000000 0.501644573789751
0.700000000000000 0.496654939743766
0.710000000000000 0.491714971191755
0.720000000000000 0.486824174139658
0.730000000000000 0.481982059504976
0.740000000000000 0.477188143079116
0.750000000000000 0.472441945467564
0.760000000000000 0.467742992053508
0.770000000000000 0.463090812938657
0.780000000000000 0.458484942908127
0.790000000000000 0.453924921371888
0.800000000000000 0.449410292330890
0.810000000000000 0.444940604319125
0.820000000000000 0.440515410370972
0.830000000000000 0.436134267963856
0.840000000000000 0.431796738986794
0.850000000000000 0.427502389683630
0.860000000000000 0.423250790622769
0.870000000000000 0.419041516640970
0.880000000000000 0.414874146814245
0.890000000000000 0.410748264402202
0.900000000000000 0.406663456820086
0.910000000000000 0.402619315583652
0.920000000000000 0.398615436282339
0.930000000000000 0.394651418524654
0.940000000000000 0.390726865912461
0.950000000000000 0.386841385986859
0.960000000000000 0.382994590203571
0.970000000000000 0.379186093879303
0.980000000000000 0.375415516168214
0.990000000000000 0.371682480008741
1.000000000000000 0.367986612101136
1.010000000000000 0.364327542854741
1.020000000000000 0.360704906366573
1.030000000000000 0.357118340369043
1.040000000000000 0.353567486209566
1.050000000000000 0.350051988798710
1.060000000000000 0.346571496590826
1.070000000000000 0.343125661532601
1.080000000000000 0.339714139044697
1.090000000000000 0.336336587970698
1.100000000000000 0.332992670559738
1.110000000000000 0.329682052415834
1.120000000000000 0.326404402481488
1.130000000000000 0.323159392987390
1.140000000000000 0.319946699436983
1.150000000000000 0.316766000556519
1.160000000000000 0.313616978280577
1.170000000000000 0.310499317702463
1.180000000000000 0.307412707060659
1.190000000000000 0.304356837689561
1.200000000000000 0.301331404006846
1.210000000000000 0.298336103464532
1.220000000000000 0.295370636537251
1.230000000000000 0.292434706673625
1.240000000000000 0.289528020285427
1.250000000000000 0.286650286699258
1.260000000000000 0.283801218146593
1.270000000000000 0.280980529715744
1.280000000000000 0.278187939342773
1.290000000000000 0.275423167763737
1.300000000000000 0.272685938506459
1.310000000000000 0.269975977843031
1.320000000000000 0.267293014782441
1.330000000000000 0.264636781023330
1.340000000000000 0.262007010947447
1.350000000000000 0.259403441572659
1.360000000000000 0.256825812547228
1.370000000000000 0.254273866103051
1.380000000000000 0.251747347050756
1.390000000000000 0.249246002733165
1.400000000000000 0.246769583021192
1.410000000000000 0.244317840267520
1.420000000000000 0.241890529303290
1.430000000000000 0.239487407391991
1.440000000000000 0.237108234226917
1.450000000000000 0.234752771885267
1.460000000000000 0.232420784826362
1.470000000000000 0.230112039845941
1.480000000000000 0.227826306075133
1.490000000000000 0.225563354934933
1.500000000000000 0.223322960135927
1.510000000000000 0.221104897632934
1.520000000000000 0.218908945625475
1.530000000000000 0.216734884512579
1.540000000000000 0.214582496893975
1.550000000000000 0.212451567525061
1.560000000000000 0.210341883318811
1.570000000000000 0.208253233300894
1.580000000000000 0.206185408612287
1.590000000000000 0.204138202464542
1.600000000000000 0.202111410143095
1.610000000000000 0.200104828962663
1.620000000000000 0.198118258271248
1.630000000000000 0.196151499405659
1.640000000000000 0.194204355696202
1.650000000000000 0.192276632422315
1.660000000000000 0.190368136817929
1.670000000000000 0.188478678027225
1.680000000000000 0.186608067110652
1.690000000000000 0.184756117000790
1.700000000000000 0.182922642509025
1.710000000000000 0.181107460281511
1.720000000000000 0.179310388806490
1.730000000000000 0.177531248370350
1.740000000000000 0.175769861065580
1.750000000000000 0.174026050746917
1.760000000000000 0.172299643039930
1.770000000000000 0.170590465297246
1.780000000000000 0.168898346607761
1.790000000000000 0.167223117752937
1.800000000000000 0.165564611216624
1.810000000000000 0.163922661141432
1.820000000000000 0.162297103339158
1.830000000000000 0.160687775247217
1.840000000000000 0.159094515939671
1.850000000000000 0.157517166083719
1.860000000000000 0.155955567951312
1.870000000000000 0.154409565375700
1.880000000000000 0.152879003763627
1.890000000000000 0.151363730051931
1.900000000000000 0.149863592720309
1.910000000000000 0.148378441747958
1.920000000000000 0.146908128626916
1.930000000000000 0.145452506318737
1.940000000000000 0.144011429268390
1.950000000000000 0.142584753360969
1.960000000000000 0.141172335936148
1.970000000000000 0.139774035744922
1.980000000000000 0.138389712964599
1.990000000000000 0.137019229155572
2.000000000000000 0.135662447276855
2.010000000000000 0.134319231642865
2.020000000000000 0.132989447939498
2.030000000000000 0.131672963180925
2.040000000000000 0.130369645726191
2.050000000000000 0.129079365236031
2.060000000000000 0.127801992689979
2.070000000000000 0.126537400343197
2.080000000000000 0.125285461744097
2.090000000000000 0.124046051691172
2.100000000000000 0.122819046251128
2.110000000000000 0.121604322715709
2.120000000000000 0.120401759620337
2.130000000000000 0.119211236700926
2.140000000000000 0.118032634913023
2.150000000000000 0.116865836388611
2.160000000000000 0.115710724455736
2.170000000000000 0.114567183595308
2.180000000000000 0.113435099461200
2.190000000000000 0.112314358837038
2.200000000000000 0.111204849656782
2.210000000000000 0.110106460961492
2.220000000000000 0.109019082920382
2.230000000000000 0.107942606787563
2.240000000000000 0.106876924923568
2.250000000000000 0.105821930752066
2.260000000000000 0.104777518781843
2.270000000000000 0.103743584563499
2.280000000000000 0.102720024711876
2.290000000000000 0.101706736862724
2.300000000000000 0.100703619695584
2.310000000000000 0.099710572890413
2.320000000000000 0.098727497150916
2.330000000000000 0.097754294161134
2.340000000000000 0.096790866609212
2.350000000000000 0.095837118143951
2.360000000000000 0.094892953399007
2.370000000000000 0.093958277949403
2.380000000000000 0.093032998336155
2.390000000000000 0.092117022022741
2.400000000000000 0.091210257420149
2.410000000000000 0.090312613843299
2.420000000000000 0.089424001536510
2.430000000000000 0.088544331629875
2.440000000000000 0.087673516165138
2.450000000000000 0.086811468052017
2.460000000000000 0.085958101094494
2.470000000000000 0.085113329947080
2.480000000000000 0.084277070141510
2.490000000000000 0.083449238042954
2.500000000000000 0.082629750877107
2.510000000000000 0.081818526686349
2.520000000000000 0.081015484357220
2.530000000000000 0.080220543576527
2.540000000000000 0.079433624859210
2.550000000000000 0.078654649504378
2.560000000000000 0.077883539623569
2.570000000000000 0.077120218096723
2.580000000000000 0.076364608600815
2.590000000000000 0.075616635565766
2.600000000000000 0.074876224203457
2.610000000000000 0.074143300463568
2.620000000000000 0.073417791062962
2.630000000000000 0.072699623441462
2.640000000000000 0.071988725791598
2.650000000000000 0.071285027014313
2.660000000000000 0.070588456749073
2.670000000000000 0.069898945329509
2.680000000000000 0.069216423813876
2.690000000000000 0.068540823940623
2.700000000000000 0.067872078159216
2.710000000000000 0.067210119585624
2.720000000000000 0.066554882033495
2.730000000000000 0.065906299969568
2.740000000000000 0.065264308545194
2.750000000000000 0.064628843551674
2.760000000000000 0.063999841452117
2.770000000000000 0.063377239336705
2.780000000000000 0.062760974954885
2.790000000000000 0.062150986670561
2.800000000000000 0.061547213494613
2.810000000000000 0.060949595040014
2.820000000000000 0.060358071554680
2.830000000000000 0.059772583876501
2.840000000000000 0.059193073466520
2.850000000000000 0.058619482363885
2.860000000000000 0.058051753219348
2.870000000000000 0.057489829250132
2.880000000000000 0.056933654273751
2.890000000000000 0.056383172662797
2.900000000000000 0.055838329379068
2.910000000000000 0.055299069928277
2.920000000000000 0.054765340394486
2.930000000000000 0.054237087394735
2.940000000000000 0.053714258113779
2.950000000000000 0.053196800258634
2.960000000000000 0.052684662093619
2.970000000000000 0.052177792394813
2.980000000000000 0.051676140485398
2.990000000000000 0.051179656190031
3.000000000000000 0.050688289870481
3.010000000000000 0.050201992379918
3.020000000000000 0.049720715098838
3.030000000000000 0.049244409889268
3.040000000000000 0.048773029130978
3.050000000000000 0.048306525675601
3.060000000000000 0.047844852883128
3.070000000000000 0.047387964575944
3.080000000000000 0.046935815075600
3.090000000000000 0.046488359156763
3.100000000000000 0.046045552084270
3.110000000000000 0.045607349566985
3.120000000000000 0.045173707795129
3.130000000000000 0.044744583394052
3.140000000000000 0.044319933461831
3.150000000000000 0.043899715522956
3.160000000000000 0.043483887566194
3.170000000000000 0.043072407998188
3.180000000000000 0.042665235681586
3.190000000000000 0.042262329888552
3.200000000000000 0.041863650339153
3.210000000000000 0.041469157154789
3.220000000000000 0.041078810896829
3.230000000000000 0.040692572519958
3.240000000000000 0.040310403411071
3.250000000000000 0.039932265342525
3.260000000000000 0.039558120511286
3.270000000000000 0.039187931492098
3.280000000000000 0.038821661276874
3.290000000000000 0.038459273227778
3.300000000000000 0.038100731116859
3.310000000000000 0.037745999079052
3.320000000000000 0.037395041652049
3.330000000000000 0.037047823729211
3.340000000000000 0.036704310599681
3.350000000000000 0.036364467901212
3.360000000000000 0.036028261660507
3.370000000000000 0.035695658245969
3.380000000000000 0.035366624408270
3.390000000000000 0.035041127233012
3.400000000000000 0.034719134181530
3.410000000000000 0.034400613043466
3.420000000000000 0.034085531977798
3.430000000000000 0.033773859465327
3.440000000000000 0.033465564349933
3.450000000000000 0.033160615790973
3.460000000000000 0.032858983304759
3.470000000000000 0.032560636716876
3.480000000000000 0.032265546203867
3.490000000000000 0.031973682245480
3.500000000000000 0.031685015666557
3.510000000000000 0.031399517589200
3.520000000000000 0.031117159474879
3.530000000000000 0.030837913076505
3.540000000000000 0.030561750480751
3.550000000000000 0.030288644060044
3.560000000000000 0.030018566515091
3.570000000000000 0.029751490826789
3.580000000000000 0.029487390298952
3.590000000000000 0.029226238510145
3.600000000000000 0.028968009356605
3.610000000000000 0.028712677004000
3.620000000000000 0.028460215930546
3.630000000000000 0.028210600878684
3.640000000000000 0.027963806898394
3.650000000000000 0.027719809298794
3.660000000000000 0.027478583691640
3.670000000000000 0.027240105942855
3.680000000000000 0.027004352216213
3.690000000000000 0.026771298924793
3.700000000000000 0.026540922774846
3.710000000000000 0.026313200717177
3.720000000000000 0.026088109991191
3.730000000000000 0.025865628076205
3.740000000000000 0.025645732735670
3.750000000000000 0.025428401968408
3.760000000000000 0.025213614053018
3.770000000000000 0.025001347499033
3.780000000000000 0.024791581091502
3.790000000000000 0.024584293842080
3.800000000000000 0.024379465033776
3.810000000000000 0.024177074171976
3.820000000000000 0.023977101029357
3.830000000000000 0.023779525596840
3.840000000000000 0.023584328128675
3.850000000000000 0.023391489093323
3.860000000000000 0.023200989218701
3.870000000000000 0.023012809443001
3.880000000000000 0.022826930960094
3.890000000000000 0.022643335170283
3.900000000000000 0.022462003725864
3.910000000000000 0.022282918481818
3.920000000000000 0.022106061541524
3.930000000000000 0.021931415207383
3.940000000000000 0.021758962026692
3.950000000000000 0.021588684742204
3.960000000000000 0.021420566338146
3.970000000000000 0.021254589990721
3.980000000000000 0.021090739114277
3.990000000000000 0.020928997311743
4.000000000000000 0.020769348420947
4.010000000000000 0.020611776464993
4.020000000000000 0.020456265698716
4.030000000000000 0.020302800559009
4.040000000000000 0.020151365711413
4.050000000000000 0.020001946000387
4.060000000000000 0.019854526496040
4.070000000000000 0.019709092444343
4.080000000000000 0.019565629313991
4.090000000000000 0.019424122746571
4.100000000000000 0.019284558603550
4.110000000000000 0.019146922916389
4.120000000000000 0.019011201933666
4.130000000000000 0.018877382071137
4.140000000000000 0.018745449958983
4.150000000000000 0.018615392391824
4.160000000000000 0.018487196376095
4.170000000000000 0.018360849080002
4.180000000000000 0.018236337881029
4.190000000000000 0.018113650315843
4.200000000000000 0.017992774127919
4.210000000000000 0.017873697217408
4.220000000000000 0.017756407688869
4.230000000000000 0.017640893801100
4.240000000000000 0.017527144014979
4.250000000000000 0.017415146943261
4.260000000000000 0.017304891398525
4.270000000000000 0.017196366342929
4.280000000000000 0.017089560936274
4.290000000000000 0.016984464485713
4.300000000000000 0.016881066493925
4.310000000000000 0.016779356608787
4.320000000000000 0.016679324671652
4.330000000000000 0.016580960666984
4.340000000000000 0.016484254770741
4.350000000000001 0.016389197299976
4.360000000000000 0.016295778761316
4.370000000000000 0.016203989800533
4.380000000000000 0.016113821251121
4.390000000000000 0.016025264083834
4.400000000000000 0.015938309455362
4.410000000000000 0.015852948657836
4.420000000000000 0.015769173167597
4.430000000000000 0.015686974594676
4.440000000000000 0.015606344731650
4.450000000000000 0.015527275503097
4.460000000000000 0.015449759014545
4.470000000000000 0.015373787501895
4.480000000000000 0.015299353380458
4.490000000000000 0.015226449194360
4.500000000000000 0.015155067665658
4.510000000000000 0.015085201643722
4.520000000000000 0.015016844154440
4.530000000000000 0.014949988349574
4.540000000000000 0.014884627556044
4.550000000000000 0.014820755225269
4.560000000000000 0.014758364982531
4.570000000000000 0.014697450576290
4.580000000000000 0.014638005927631
4.590000000000000 0.014580025079564
4.600000000000001 0.014523502246541
4.610000000000000 0.014468431763741
4.620000000000000 0.014414808136663
4.630000000000000 0.014362625990398
4.640000000000000 0.014311880119287
4.650000000000000 0.014262565436187
4.660000000000000 0.014214677022195
4.670000000000000 0.014168210075904
4.680000000000000 0.014123159963193
4.690000000000000 0.014079522166478
4.700000000000000 0.014037292334560
4.710000000000000 0.013996466231875
4.720000000000000 0.013957039788401
4.730000000000000 0.013919009048905
4.740000000000000 0.013882370222909
4.750000000000000 0.013847119633936
4.760000000000000 0.013813253769526
4.770000000000000 0.013780769230494
4.780000000000000 0.013749662780992
4.790000000000000 0.013719931297768
4.800000000000000 0.013691571820286
4.810000000000000 0.013664581499987
4.820000000000000 0.013638957650455
4.830000000000000 0.013614697696689
4.840000000000000 0.013591799225315
4.850000000000001 0.013570259933863
4.860000000000000 0.013550077681031
4.870000000000000 0.013531250435967
4.880000000000000 0.013513776328577
4.890000000000000 0.013497653598820
4.900000000000000 0.013482880647056
4.910000000000000 0.013469455983356
4.920000000000000 0.013457378277891
4.930000000000000 0.013446646310254
4.940000000000000 0.013437259019886
4.950000000000000 0.013429215455420
4.960000000000000 0.013422514825139
4.970000000000000 0.013417156446340
4.980000000000000 0.013413139795827
4.990000000000000 0.013410464459293
5.000000000000000 0.013409130181847
5.010000000000000 0.013409136817419
5.020000000000000 0.013410484379314
5.030000000000000 0.013413172989647
5.040000000000000 0.013417202929920
5.050000000000000 0.013422574590486
5.060000000000000 0.013429288521152
5.070000000000000 0.013437345380670
5.080000000000000 0.013446745987364
5.090000000000000 0.013457491268657
5.100000000000001 0.013469582311714
5.110000000000000 0.013483020313003
5.120000000000000 0.013497806628957
5.130000000000000 0.013513942725574
5.140000000000000 0.013531430229096
5.150000000000000 0.013550270875640
5.160000000000000 0.013570466561901
5.170000000000000 0.013592019294817
5.180000000000000 0.013614931242288
5.190000000000000 0.013639204682883
5.200000000000000 0.013664842056566
5.210000000000000 0.013691845914456
5.220000000000000 0.013720218969551
5.230000000000000 0.013749964046544
5.240000000000000 0.013781084132552
5.250000000000000 0.013813582326973
5.260000000000000 0.013847461892230
5.270000000000000 0.013882726203677
5.280000000000000 0.013919378800343
5.290000000000000 0.013957423334888
5.300000000000000 0.013996863624357
5.310000000000000 0.014037703600190
5.320000000000000 0.014079947358965
5.330000000000000 0.014123599112477
5.340000000000000 0.014168663238476
5.350000000000001 0.014215144230799
5.360000000000000 0.014263046750112
5.370000000000000 0.014312375574100
5.380000000000000 0.014363135648205
5.390000000000000 0.014415332035874
5.400000000000000 0.014468969969296
5.410000000000000 0.014524054799716
5.420000000000000 0.014580592048154
5.430000000000000 0.014638587355798
5.440000000000000 0.014698046534707
5.450000000000000 0.014758975518269
5.460000000000000 0.014821380411901
5.470000000000000 0.014885267443574
5.480000000000000 0.014950643014499
5.490000000000000 0.015017513649726
5.500000000000000 0.015085886048813
5.510000000000000 0.015155767036505
5.520000000000000 0.015227163613384
5.530000000000000 0.015300082906624
5.540000000000000 0.015374532220625
5.550000000000000 0.015450518987848
5.560000000000000 0.015528050819427
5.570000000000000 0.015607135456088
5.580000000000000 0.015687780818738
5.590000000000000 0.015769994959470
5.600000000000001 0.015853786112127
5.610000000000000 0.015939162643396
5.620000000000000 0.016026133103343
5.630000000000000 0.016114706176601
5.640000000000000 0.016204890732875
5.650000000000000 0.016296695778223
5.660000000000000 0.016390130505532
5.670000000000000 0.016485204245892
5.680000000000000 0.016581926519043
5.690000000000000 0.016680306984847
5.700000000000000 0.016780355493700
5.710000000000000 0.016882082038102
5.720000000000000 0.016985496803041
5.730000000000000 0.017090610117661
5.740000000000000 0.017197432505609
5.750000000000000 0.017305974636807
5.760000000000000 0.017416247377766
5.770000000000000 0.017528261743463
5.780000000000000 0.017642028947614
5.790000000000000 0.017757560354660
5.800000000000000 0.017874867530001
5.810000000000000 0.017993962192095
5.820000000000000 0.018114856262649
5.830000000000000 0.018237561818829
5.840000000000000 0.018362091143411
5.850000000000001 0.018488456677108
5.860000000000000 0.018616671068672
5.870000000000000 0.018746747127344
5.880000000000000 0.018878697872906
5.890000000000000 0.019012536488256
5.900000000000000 0.019148276369413
5.910000000000000 0.019285931078206
5.920000000000000 0.019425514392242
5.930000000000000 0.019567040257718
5.940000000000000 0.019710522839332
5.950000000000000 0.019855976473230
5.960000000000000 0.020003415716866
5.970000000000000 0.020152855302073
5.980000000000000 0.020304310184877
5.990000000000000 0.020457795498700
6.000000000000000 0.020613326604115
6.010000000000000 0.020770919042190
6.020000000000000 0.020930588584188
6.030000000000000 0.021092351185045
6.040000000000000 0.021256223033013
6.050000000000000 0.021422220503285
6.060000000000000 0.021590360207575
6.070000000000000 0.021760658947886
6.080000000000000 0.021933133766034
6.090000000000000 0.022107801897558
6.100000000000001 0.022284680821189
6.110000000000000 0.022463788212902
6.120000000000000 0.022645141995325
6.130000000000000 0.022828760291948
6.140000000000001 0.023014661476463
6.150000000000000 0.023202864127125
6.160000000000000 0.023393387076034
6.170000000000000 0.023586249363651
6.180000000000000 0.023781470288011
6.190000000000000 0.023979069359399
6.200000000000000 0.024179066349502
6.210000000000000 0.024381481246239
6.220000000000000 0.024586334302850
6.230000000000000 0.024793645992891
6.240000000000000 0.025003437059250
6.250000000000000 0.025215728469316
6.260000000000000 0.025430541463918
6.270000000000000 0.025647897512666
6.280000000000000 0.025867818362824
6.290000000000000 0.026090325994819
6.300000000000000 0.026315442671041
6.310000000000000 0.026543190891530
6.320000000000000 0.026773593442706
6.330000000000000 0.027006673353225
6.340000000000000 0.027242453942644
6.350000000000001 0.027480958777458
6.360000000000000 0.027722211719682
6.370000000000000 0.027966236883078
6.380000000000000 0.028213058681663
6.390000000000001 0.028462701786115
6.400000000000000 0.028715191172213
6.410000000000000 0.028970552077428
6.420000000000000 0.029228810049283
6.430000000000000 0.029489990902144
6.440000000000000 0.029754120765494
6.450000000000000 0.030021226040921
6.460000000000000 0.030291333450316
6.470000000000000 0.030564469993056
6.480000000000000 0.030840662994124
6.490000000000000 0.031119940061493
6.500000000000000 0.031402329134161
6.510000000000000 0.031687858439743
6.520000000000000 0.031976556542427
6.530000000000000 0.032268452300766
6.540000000000000 0.032563574915556
6.550000000000000 0.032861953887838
6.560000000000000 0.033163619066694
6.570000000000000 0.033468600607456
6.580000000000000 0.033776929019428
6.590000000000000 0.034088635124301
6.600000000000001 0.034403750103797
6.610000000000000 0.034722305458303
6.620000000000000 0.035044333054428
6.630000000000000 0.035369865083858
6.640000000000001 0.035698934110830
6.650000000000000 0.036031573031213
6.660000000000000 0.036367815119895
6.670000000000000 0.036707693990088
6.680000000000000 0.037051243640636
6.690000000000000 0.037398498415547
6.700000000000000 0.037749493051216
6.710000000000000 0.038104262636191
6.720000000000000 0.038462842658304
6.730000000000000 0.038825268964683
6.740000000000000 0.039191577808793
6.750000000000000 0.039561805810685
6.760000000000000 0.039935990003951
6.770000000000000 0.040314167796217
6.780000000000000 0.040696377016015
6.790000000000000 0.041082655873515
6.800000000000000 0.041473043007313
6.810000000000000 0.041867577445411
6.820000000000000 0.042266298651922
6.830000000000000 0.042669246488297
6.840000000000000 0.043076461259947
6.850000000000001 0.043487983677723
6.860000000000000 0.043903854904449
6.870000000000000 0.044324116516665
6.880000000000000 0.044748810551071
6.890000000000001 0.045177979466532
6.900000000000000 0.045611666190434
6.910000000000000 0.046049914080955
6.920000000000000 0.046492766973334
6.930000000000000 0.046940269142411
6.940000000000000 0.047392465348806
6.950000000000000 0.047849400801737
6.960000000000000 0.048311121205107
6.970000000000000 0.048777672720598
6.980000000000000 0.049249102013676
6.990000000000000 0.049725456216954
7.000000000000000 0.050206782976122
7.010000000000000 0.050693130413588
7.020000000000000 0.051184547174317
7.030000000000000 0.051681082389763
7.040000000000000 0.052182785723623
7.050000000000000 0.052689707336055
7.060000000000000 0.053201897929348
7.070000000000000 0.053719408712434
7.080000000000000 0.054242291446471
7.090000000000000 0.054770598409652
7.100000000000001 0.055304382442706
7.110000000000000 0.055843696914005
7.120000000000000 0.056388595764978
7.130000000000000 0.056939133475527
7.140000000000001 0.057495365109358
7.150000000000000 0.058057346279700
7.160000000000000 0.058625133194555
7.170000000000000 0.059198782622730
7.180000000000000 0.059778351939002
7.190000000000000 0.060363899090468
7.200000000000000 0.060955482641628
7.210000000000000 0.061553161741052
7.220000000000000 0.062156996166386
7.230000000000000 0.062767046291336
7.240000000000000 0.063383373130599
7.250000000000000 0.064006038307175
7.260000000000000 0.064635104097215
7.270000000000000 0.065270633397665
7.280000000000000 0.065912689771036
7.290000000000000 0.066561337413383
7.300000000000000 0.067216641199002
7.310000000000000 0.067878666648740
7.320000000000000 0.068547479974620
7.330000000000000 0.069223148048498
7.340000000000000 0.069905738446605
7.350000000000001 0.070595319418556
7.360000000000000 0.071291959931821
7.370000000000000 0.071995729641078
7.380000000000000 0.072706698932618
7.390000000000001 0.073424938894051
7.400000000000000 0.074150521358637
7.410000000000000 0.074883518875360
7.420000000000000 0.075624004753179
7.430000000000000 0.076372053031474
7.440000000000000 0.077127738524227
7.450000000000000 0.077891136790833
7.460000000000000 0.078662324180218
7.470000000000000 0.079441377802021
7.480000000000000 0.080228375570650
7.490000000000000 0.081023396176836
7.500000000000000 0.081826519131628
7.510000000000000 0.082637824738334
7.520000000000000 0.083457394136448
7.530000000000000 0.084285309273975
7.540000000000000 0.085121652951306
7.550000000000000 0.085966508793933
7.560000000000000 0.086819961296260
7.570000000000000 0.087682095794717
7.580000000000000 0.088552998511516
7.590000000000000 0.089432756528167
7.600000000000001 0.090321457829176
7.610000000000000 0.091219191275969
7.620000000000000 0.092126046650537
7.630000000000000 0.093042114629771
7.640000000000001 0.093967486829058
7.650000000000000 0.094902255777028
7.660000000000000 0.095846514959108
7.670000000000000 0.096800358792684
7.680000000000000 0.097763882670612
7.690000000000000 0.098737182936808
7.700000000000000 0.099720356929711
7.710000000000000 0.100713502958307
7.720000000000000 0.101716720345554
7.730000000000000 0.102730109404836
7.740000000000000 0.103753771483353
7.750000000000000 0.104787808939019
7.760000000000000 0.105832325183814
7.770000000000000 0.106887424661127
7.780000000000000 0.107953212889081
7.790000000000000 0.109029796438324
7.800000000000000 0.110117282975325
7.810000000000000 0.111215781240623
7.820000000000000 0.112325401092099
7.830000000000000 0.113446253483683
7.840000000000000 0.114578450508608
7.850000000000001 0.115722105378584
7.860000000000000 0.116877332467028
7.870000000000000 0.118044247288718
7.880000000000000 0.119222966543006
7.890000000000001 0.120413608093947
7.900000000000000 0.121616291013504
7.910000000000000 0.122831135562163
7.920000000000000 0.124058263232121
7.930000000000001 0.125297796728402
7.940000000000000 0.126549860012036
7.950000000000000 0.127814578281672
7.960000000000000 0.129092078016753
7.970000000000000 0.130382486959636
7.980000000000000 0.131685934158768
7.990000000000000 0.133002549951316
8.000000000000000 0.134332466006350
8.010000000000000 0.135675815307984
8.020000000000000 0.137032732198575
8.029999999999999 0.138403352362386
8.040000000000001 0.139787812868794
8.050000000000001 0.141186252156490
8.060000000000000 0.142598810076698
8.070000000000000 0.144025627877913
8.080000000000000 0.145466848249149
8.090000000000000 0.146922615305209
8.100000000000000 0.148393074629966
8.109999999999999 0.149878373262187
8.120000000000001 0.151378659738835
8.130000000000001 0.152894084081457
8.140000000000001 0.154424797839522
8.150000000000000 0.155970954077371
8.160000000000000 0.157532707417598
8.170000000000000 0.159110214028566
8.180000000000000 0.160703631667840
8.190000000000000 0.162313119670281
8.199999999999999 0.163938838991525
8.210000000000001 0.165580952196668
8.220000000000001 0.167239623503801
8.230000000000000 0.168915018773284
8.240000000000000 0.170607305551346
8.250000000000000 0.172316653059964
8.260000000000000 0.174043232240523
8.270000000000000 0.175787215744305
8.279999999999999 0.177548777976230
8.290000000000001 0.179328095085952
8.300000000000001 0.181125345011682
8.310000000000000 0.182940707471913
8.320000000000000 0.184774364009322
8.330000000000000 0.186626497983132
8.340000000000000 0.188497294613103
8.350000000000000 0.190386940972536
8.359999999999999 0.192295626032359
8.370000000000001 0.194223540654786
8.380000000000001 0.196170877637504
8.390000000000001 0.198137831707985
8.400000000000000 0.200124599567793
8.410000000000000 0.202131379887557
8.420000000000000 0.204158373351397
8.430000000000000 0.206205782652572
8.440000000000000 0.208273812538028
8.449999999999999 0.210362669804739
8.460000000000001 0.212472563344376
8.470000000000001 0.214603704140349
8.480000000000000 0.216756305312611
8.490000000000000 0.218930582115405
8.500000000000000 0.221126751982217
8.510000000000000 0.223345034524227
8.520000000000000 0.225585651575425
8.529999999999999 0.227848827191781
8.540000000000001 0.230134787696521
8.550000000000001 0.232443761680030
8.560000000000000 0.234775980045301
8.570000000000000 0.237131676008576
8.580000000000000 0.239511085144975
8.590000000000000 0.241914445389888
8.600000000000000 0.244341997084791
8.609999999999999 0.246793982979403
8.620000000000001 0.249270648277692
8.630000000000001 0.251772240640809
8.640000000000001 0.254299010233297
8.650000000000000 0.256851209726808
8.660000000000000 0.259429094346527
8.670000000000000 0.262032921875681
8.680000000000000 0.264662952702185
8.690000000000000 0.267319449823959
8.700000000000001 0.270002678895806
8.710000000000001 0.272712908235543
8.720000000000001 0.275450408871121
8.730000000000000 0.278215454547586
8.740000000000000 0.281008321774450
8.750000000000000 0.283829289833491
8.760000000000000 0.286678640826388
8.770000000000000 0.289556659683367
8.779999999999999 0.292463634211112
8.790000000000001 0.295399855102279
8.800000000000001 0.298365615983680
8.810000000000000 0.301361213426680
8.820000000000000 0.304386946995673
8.830000000000000 0.307443119259366
8.840000000000000 0.310530035839561
8.850000000000000 0.313648005423341
8.859999999999999 0.316797339812166
8.870000000000001 0.319978353934972
8.880000000000001 0.323191365897600
8.890000000000001 0.326436696996818
8.900000000000000 0.329714671770090
8.910000000000000 0.333025618010539
8.920000000000000 0.336369866817069
8.930000000000000 0.339747752610280
8.940000000000000 0.343159613182957
8.950000000000001 0.346605789716953
8.960000000000001 0.350086626834050
8.970000000000001 0.353602472613830
8.980000000000000 0.357153678644927
8.990000000000000 0.360740600043888
9.000000000000000 0.364363595506833
9.010000000000000 0.368023027329329
9.020000000000000 0.371719261458462
9.029999999999999 0.375452667513741
9.040000000000001 0.379223618839599
9.050000000000001 0.383032492527342
9.060000000000000 0.386879669468090
9.070000000000000 0.390765534375786
9.080000000000000 0.394690475840595
9.090000000000000 0.398654886352989
9.100000000000000 0.402659162357619
9.109999999999999 0.406703704278485
9.120000000000001 0.410788916573304
9.130000000000001 0.414915207759780
9.140000000000001 0.419082990470480
9.150000000000000 0.423292681480228
9.160000000000000 0.427544701761495
9.170000000000000 0.431839476512939
9.180000000000000 0.436177435215330
9.190000000000000 0.440559011661242
9.200000000000001 0.444984644011540
9.210000000000001 0.449454774826238
9.220000000000001 0.453969851121561
9.230000000000000 0.458530324401996
9.240000000000000 0.463136650717937
9.250000000000000 0.467789290698949
9.260000000000000 0.472488709612020
9.270000000000000 0.477235377396051
9.279999999999999 0.482029768720733
9.290000000000001 0.486872363022288
9.300000000000001 0.491763644562977
9.310000000000000 0.496704102468124
9.320000000000000 0.501694230786273
9.330000000000000 0.506734528527501
9.340000000000000 0.511825499724260
9.350000000000000 0.516967653470992
9.359999999999999 0.522161503985672
9.370000000000001 0.527407570650750
9.380000000000001 0.532706378075417
9.390000000000001 0.538058456137891
9.400000000000000 0.543464340048425
9.410000000000000 0.548924570392963
9.420000000000000 0.554439693196909
9.430000000000000 0.560010259970174
9.440000000000000 0.565636827771725
9.450000000000001 0.571319959256054
9.460000000000001 0.577060222738520
9.470000000000001 0.582858192243260
9.480000000000000 0.588714447569357
9.490000000000000 0.594629574340212
9.500000000000000 0.600604164070555
9.510000000000000 0.606638814217305
9.520000000000000 0.612734128247454
9.529999999999999 0.618890715690428
9.540000000000001 0.625109192206868
9.550000000000001 0.631390179642530
9.560000000000000 0.637734306097975
9.570000000000000 0.644142205984031
9.580000000000000 0.650614520092425
9.590000000000000 0.657151895652829
9.600000000000000 0.663754986404461
9.609999999999999 0.670424452654733
9.620000000000001 0.677160961351855
9.630000000000001 0.683965186145111
9.640000000000001 0.690837807458488
9.650000000000000 0.697779512552610
9.660000000000000 0.704790995599413
9.670000000000000 0.711872957745777
9.680000000000000 0.719026107189262
9.690000000000000 0.726251159243466
9.700000000000001 0.733548836414863
9.710000000000001 0.740919868469901
9.720000000000001 0.748364992512976
9.730000000000000 0.755884953055302
9.740000000000000 0.763480502094043
9.750000000000000 0.771152399182994
9.760000000000000 0.778901411512895
9.770000000000000 0.786728313983947
9.779999999999999 0.794633889287349
9.790000000000001 0.802618927979680
9.800000000000001 0.810684228565682
9.810000000000000 0.818830597574541
9.820000000000000 0.827058849643951
9.830000000000000 0.835369807598325
9.840000000000000 0.843764302534173
9.850000000000000 0.852243173900275
9.859999999999999 0.860807269584402
9.870000000000001 0.869457445995488
9.880000000000001 0.878194568151729
9.890000000000001 0.887019509764785
9.900000000000000 0.895933153329295
9.910000000000000 0.904936390209137
9.920000000000000 0.914030120728398
9.930000000000000 0.923215254259731
9.940000000000000 0.932492709316808
9.950000000000001 0.941863413644818
9.960000000000001 0.951328304314430
9.970000000000001 0.960888327814474
9.980000000000000 0.970544440147458
9.990000000000000 0.980297606924457
10.000000000000000 0.990148803462229
