0.000000000000000 1.000000000011786
0.010000000000000 0.990050774094197
0.020000000000000 0.980200553254067
0.030000000000000 0.970448352468194
0.040000000000000 0.960793196515692
0.050000000000000 0.951234119880423
0.060000000000000 0.941770166654395
0.070000000000000 0.932400390442128
0.080000000000000 0.923123854265981
0.090000000000000 0.913939630472423
0.100000000000000 0.904846800639244
0.110000000000000 0.895844455483686
0.120000000000000 0.886931694771500
0.130000000000000 0.878107627226911
0.140000000000000 0.869371370443466
0.150000000000000 0.860722050795798
0.160000000000000 0.852158803352240
0.170000000000000 0.843680771788335
0.180000000000000 0.835287108301202
0.190000000000000 0.826976973524744
0.200000000000000 0.818749536445705
0.210000000000000 0.810603974320582
0.220000000000000 0.802539472593337
0.230000000000000 0.794555224813947
0.240000000000000 0.786650432557758
0.250000000000000 0.778824305345644
0.260000000000000 0.771076060564957
0.270000000000000 0.763404923391274
0.280000000000000 0.755810126710907
0.290000000000000 0.748290911044202
0.300000000000000 0.740846524469591
0.310000000000000 0.733476222548396
0.320000000000000 0.726179268250389
0.330000000000000 0.718954931880097
0.340000000000000 0.711802491003833
0.350000000000000 0.704721230377444
0.360000000000000 0.697710441874798
0.370000000000000 0.690769424416974
0.380000000000000 0.683897483902148
0.390000000000000 0.677093933136189
0.400000000000000 0.670358091763942
0.410000000000000 0.663689286201190
0.420000000000000 0.657086849567299
0.430000000000000 0.650550121618530
0.440000000000000 0.644078448682016
0.450000000000000 0.637671183590390
0.460000000000000 0.631327685617078
0.470000000000000 0.625047320412223
0.480000000000000 0.618829459939247
0.490000000000000 0.612673482412052
0.500000000000000 0.606578772232838
0.510000000000000 0.600544719930546
0.520000000000000 0.594570722099912
0.530000000000000 0.588656181341122
0.540000000000000 0.582800506200076
0.550000000000000 0.577003111109239
0.560000000000000 0.571263416329091
0.570000000000000 0.565580847890142
0.580000000000000 0.559954837535544
0.590000000000000 0.554384822664261
0.600000000000000 0.548870246274810
0.610000000000000 0.543410556909559
0.620000000000000 0.538005208599584
0.630000000000000 0.532653660810068
0.640000000000000 0.527355378386248
0.650000000000000 0.522109831499902
0.660000000000000 0.516916495596362
0.670000000000000 0.511774851342063
0.680000000000000 0.506684384572605
0.690000000000000 0.501644586241336
0.700000000000000 0.496654952368452
0.710000000000000 0.491714983990593
0.720000000000000 0.486824187110953
0.730000000000000 0.481982072649871
0.740000000000000 0.477188156395930
0.750000000000000 0.472441958957533
0.760000000000000 0.467743005714965
0.770000000000000 0.463090826772930
0.780000000000000 0.458484956913561
0.790000000000000 0.453924935549897
0.800000000000000 0.449410306679826
0.810000000000000 0.444940618840485
0.820000000000000 0.440515425063114
0.830000000000000 0.436134282828354
0.840000000000000 0.431796754022002
0.850000000000000 0.427502404891193
0.860000000000000 0.423250806001031
0.870000000000000 0.419041532191642
0.880000000000000 0.414874162535657
0.890000000000000 0.410748280296123
0.900000000000000 0.406663472884824
0.910000000000000 0.402619331821026
0.920000000000000 0.398615452690629
0.930000000000000 0.394651435105726
0.940000000000000 0.390726882664560
0.950000000000000 0.386841402911888
0.960000000000000 0.382994607299736
0.970000000000000 0.379186111148541
0.980000000000000 0.375415533608683
0.990000000000000 0.371682497622407
1.000000000000000 0.367986629886108
1.010000000000000 0.364327560813004
1.020000000000000 0.360704924496184
1.030000000000000 0.357118358672006
1.040000000000000 0.353567504683877
1.050000000000000 0.350052007446392
1.060000000000000 0.346571515409813
1.070000000000000 0.343125680524926
1.080000000000000 0.339714158208233
1.090000000000000 0.336336607307488
1.100000000000000 0.332992690067590
1.110000000000000 0.329682072096801
1.120000000000000 0.326404422333313
1.130000000000000 0.323159413012134
1.140000000000000 0.319946719632321
1.150000000000000 0.316766020924523
1.160000000000000 0.313616998818854
1.170000000000000 0.310499338413092
1.180000000000000 0.307412727941185
1.190000000000000 0.304356858742073
1.200000000000000 0.301331425228822
1.210000000000000 0.298336124858073
1.220000000000000 0.295370658099774
1.230000000000000 0.292434728407240
1.240000000000000 0.289528042187492
1.250000000000000 0.286650308771897
1.260000000000000 0.283801240387105
1.270000000000000 0.280980552126269
1.280000000000000 0.278187961920554
1.290000000000000 0.275423190510933
1.300000000000000 0.272685961420257
1.310000000000000 0.269976000925613
1.320000000000000 0.267293038030944
1.330000000000000 0.264636804439955
1.340000000000000 0.262007034529284
1.350000000000000 0.259403465321935
1.360000000000000 0.256825836460987
1.370000000000000 0.254273890183548
1.380000000000000 0.251747371294991
1.390000000000000 0.249246027143424
1.400000000000000 0.246769607594432
1.410000000000000 0.244317865006061
1.420000000000000 0.241890554204051
1.430000000000000 0.239487432457323
1.440000000000000 0.237108259453705
1.450000000000000 0.234752797275898
1.460000000000000 0.232420810377687
1.470000000000000 0.230112065560384
1.480000000000000 0.227826331949511
1.490000000000000 0.225563380971711
1.500000000000000 0.223322986331890
1.510000000000000 0.221104923990589
1.520000000000000 0.218908972141578
1.530000000000000 0.216734911189676
1.540000000000000 0.214582523728795
1.550000000000000 0.212451594520192
1.560000000000000 0.210341910470953
1.570000000000000 0.208253260612680
1.580000000000000 0.206185436080392
1.590000000000000 0.204138230091641
1.600000000000000 0.202111437925834
1.610000000000000 0.200104856903762
1.620000000000000 0.198118286367327
1.630000000000000 0.196151527659484
1.640000000000000 0.194204384104366
1.650000000000000 0.192276660987625
1.660000000000000 0.190368165536955
1.670000000000000 0.188478706902817
1.680000000000000 0.186608096139353
1.690000000000000 0.184756146185493
1.700000000000000 0.182922671846246
1.710000000000000 0.181107489774185
1.720000000000000 0.179310418451107
1.730000000000000 0.177531278169885
1.740000000000000 0.175769891016496
1.750000000000000 0.174026080852230
1.760000000000000 0.172299673296074
1.770000000000000 0.170590495707276
1.780000000000000 0.168898377168082
1.790000000000000 0.167223148466643
1.800000000000000 0.165564642080091
1.810000000000000 0.163922692157791
1.820000000000000 0.162297134504753
1.830000000000000 0.160687806565216
1.840000000000000 0.159094547406386
1.850000000000000 0.157517197702352
1.860000000000000 0.155955599718143
1.870000000000000 0.154409597293965
1.880000000000000 0.152879035829575
1.890000000000000 0.151363762268829
1.900000000000000 0.149863625084370
1.910000000000000 0.148378474262482
1.920000000000000 0.146908161288082
1.930000000000000 0.145452539129874
1.940000000000000 0.144011462225641
1.950000000000000 0.142584786467693
1.960000000000000 0.141172369188454
1.970000000000000 0.139774069146194
1.980000000000000 0.138389746510909
1.990000000000000 0.137019262850334
2.000000000000000 0.135662481116101
2.010000000000000 0.134319265630035
2.020000000000000 0.132989482070587
2.030000000000000 0.131672997459398
2.040000000000000 0.130369680148005
2.050000000000000 0.129079399804675
2.060000000000000 0.127802027401372
2.070000000000000 0.126537435200851
2.080000000000000 0.125285496743892
2.090000000000000 0.124046086836646
2.100000000000000 0.122819081538119
2.110000000000000 0.121604358147779
2.120000000000000 0.120401795193283
2.130000000000000 0.119211272418333
2.140000000000000 0.118032670770649
2.150000000000000 0.116865872390064
2.160000000000000 0.115710760596735
2.170000000000000 0.114567219879481
2.180000000000000 0.113435135884227
2.190000000000000 0.112314395402570
2.200000000000000 0.111204886360459
2.210000000000000 0.110106497806987
2.220000000000000 0.109019119903296
2.230000000000000 0.107942643911592
2.240000000000000 0.106876962184272
2.250000000000000 0.105821968153162
2.260000000000000 0.104777556318856
2.270000000000000 0.103743622240166
2.280000000000000 0.102720062523683
2.290000000000000 0.101706774813433
2.300000000000000 0.100703657780641
2.310000000000000 0.099710611113603
2.320000000000000 0.098727535507649
2.330000000000000 0.097754332655215
2.340000000000000 0.096790905236016
2.350000000000000 0.095837156907306
2.360000000000000 0.094892992294251
2.370000000000000 0.093958316980388
2.380000000000000 0.093033037498184
2.390000000000000 0.092117061319689
2.400000000000000 0.091210296847283
2.410000000000000 0.090312653404518
2.420000000000000 0.089424041227048
2.430000000000000 0.088544371453655
2.440000000000000 0.087673556117360
2.450000000000000 0.086811508136628
2.460000000000000 0.085958141306661
2.470000000000000 0.085113370290775
2.480000000000000 0.084277110611868
2.490000000000000 0.083449278643972
2.500000000000000 0.082629791603890
2.510000000000000 0.081818567542916
2.520000000000000 0.081015525338646
2.530000000000000 0.080220584686859
2.540000000000000 0.079433666093489
2.550000000000000 0.078654690866679
2.560000000000000 0.077883581108906
2.570000000000000 0.077120259709193
2.580000000000000 0.076364650335402
2.590000000000000 0.075616677426597
2.600000000000000 0.074876266185486
2.610000000000000 0.074143342570948
2.620000000000000 0.073417833290620
2.630000000000000 0.072699665793578
2.640000000000000 0.071988768263070
2.650000000000000 0.071285069609347
2.660000000000000 0.070588499462543
2.670000000000000 0.069898988165645
2.680000000000000 0.069216466767526
2.690000000000000 0.068540867016046
2.700000000000000 0.067872121351232
2.710000000000000 0.067210162898519
2.720000000000000 0.066554925462063
2.730000000000000 0.065906343518123
2.740000000000000 0.065264352208505
2.750000000000000 0.064628887334081
2.760000000000000 0.063999885348364
2.770000000000000 0.063377283351159
2.780000000000000 0.062761019082266
2.790000000000000 0.062151030915261
2.800000000000000 0.061547257851328
2.810000000000000 0.060949639513164
2.820000000000000 0.060358116138936
2.830000000000000 0.059772628576308
2.840000000000000 0.059193118276527
2.850000000000000 0.058619527288564
2.860000000000000 0.058051798253321
2.870000000000000 0.057489874397897
2.880000000000000 0.056933699529908
2.890000000000000 0.056383218031870
2.900000000000000 0.055838374855634
2.910000000000000 0.055299115516883
2.920000000000000 0.054765386089686
2.930000000000000 0.054237133201102
2.940000000000000 0.053714304025844
2.950000000000000 0.053196846280994
2.960000000000000 0.052684708220781
2.970000000000000 0.052177838631400
2.980000000000000 0.051676186825893
2.990000000000000 0.051179702639081
3.000000000000000 0.050688336422546
3.010000000000000 0.050202039039669
3.020000000000000 0.049720761860711
3.030000000000000 0.049244456757957
3.040000000000000 0.048773076100897
3.050000000000000 0.048306572751466
3.060000000000000 0.047844900059330
3.070000000000000 0.047388011857222
3.080000000000000 0.046935862456321
3.090000000000000 0.046488406641689
3.100000000000000 0.046045599667745
3.110000000000000 0.045607397253791
3.120000000000000 0.045173755579587
3.130000000000000 0.044744631280967
3.140000000000000 0.044319981445500
3.150000000000000 0.043899763608204
3.160000000000000 0.043483935747296
3.170000000000000 0.043072456279988
3.180000000000000 0.042665284058336
3.190000000000000 0.042262378365117
3.200000000000000 0.041863698909762
3.210000000000000 0.041469205824325
3.220000000000000 0.041078859659499
3.230000000000000 0.040692621380665
3.240000000000000 0.040310452363998
3.250000000000000 0.039932314392593
3.260000000000000 0.039558169652655
3.270000000000000 0.039187980729709
3.280000000000000 0.038821710604863
3.290000000000000 0.038459322651103
3.300000000000000 0.038100780629634
3.310000000000000 0.037746048686253
3.320000000000000 0.037395091347766
3.330000000000000 0.037047873518437
3.340000000000000 0.036704360476484
3.350000000000000 0.036364517870603
3.360000000000000 0.036028311716531
3.370000000000000 0.035695708393652
3.380000000000000 0.035366674641634
3.390000000000000 0.035041177557101
3.400000000000000 0.034719184590344
3.410000000000000 0.034400663542065
3.420000000000000 0.034085582560158
3.430000000000000 0.033773910136525
3.440000000000000 0.033465615103922
3.450000000000000 0.033160666632845
3.460000000000000 0.032859034228447
3.470000000000000 0.032560687727486
3.480000000000000 0.032265597295311
3.490000000000000 0.031973733422878
3.500000000000000 0.031685066923798
3.510000000000000 0.031399568931421
3.520000000000000 0.031117210895946
3.530000000000000 0.030837964581570
3.540000000000000 0.030561802063660
3.550000000000000 0.030288695725964
3.560000000000000 0.030018618257845
3.570000000000000 0.029751542651558
3.580000000000000 0.029487442199539
3.590000000000000 0.029226290491744
3.600000000000000 0.028968061413000
3.610000000000000 0.028712729140399
3.620000000000000 0.028460268140711
3.630000000000000 0.028210653167838
3.640000000000000 0.027963859260280
3.650000000000000 0.027719861738646
3.660000000000000 0.027478636203183
3.670000000000000 0.027240158531336
3.680000000000000 0.027004404875339
3.690000000000000 0.026771351659823
3.700000000000000 0.026540975579468
3.710000000000000 0.026313253596663
3.720000000000000 0.026088162939211
3.730000000000000 0.025865681098044
3.740000000000000 0.025645785824979
3.750000000000000 0.025428455130486
3.760000000000000 0.025213667281496
3.770000000000000 0.025001400799224
3.780000000000000 0.024791634457021
3.790000000000000 0.024584347278251
3.800000000000000 0.024379518534197
3.810000000000000 0.024177127741983
3.820000000000000 0.023977154662530
3.830000000000000 0.023779579298530
3.840000000000000 0.023584381892445
3.850000000000000 0.023391542924536
3.860000000000000 0.023201043110903
3.870000000000000 0.023012863401567
3.880000000000000 0.022826984978556
3.890000000000000 0.022643389254027
3.900000000000000 0.022462057868407
3.910000000000000 0.022282972688558
3.920000000000000 0.022106115805962
3.930000000000000 0.021931469534930
3.940000000000000 0.021759016410834
3.950000000000000 0.021588739188363
3.960000000000000 0.021420620839795
3.970000000000000 0.021254644553292
3.980000000000000 0.021090793731229
3.990000000000000 0.020929051988522
4.000000000000000 0.020769403150997
4.010000000000000 0.020611831253771
4.020000000000000 0.020456320539653
4.030000000000000 0.020302855457574
4.040000000000000 0.020151420661024
4.050000000000000 0.020002001006523
4.060000000000000 0.019854581552107
4.070000000000000 0.019709147555831
4.080000000000000 0.019565684474294
4.090000000000000 0.019424177961190
4.100000000000000 0.019284613865866
4.110000000000000 0.019146978231915
4.120000000000000 0.019011257295772
4.130000000000000 0.018877437485344
4.140000000000000 0.018745505418651
4.150000000000000 0.018615447902486
4.160000000000000 0.018487251931099
4.170000000000000 0.018360904684891
4.180000000000000 0.018236393529140
4.190000000000000 0.018113706012729
4.200000000000000 0.017992829866909
4.210000000000000 0.017873753004063
4.220000000000000 0.017756463516508
4.230000000000000 0.017640949675293
4.240000000000000 0.017527199929037
4.250000000000000 0.017415202902763
4.260000000000000 0.017304947396771
4.270000000000000 0.017196422385511
4.280000000000000 0.017089617016481
4.290000000000000 0.016984520609145
4.300000000000000 0.016881122653863
4.310000000000000 0.016779412810839
4.320000000000000 0.016679380909090
4.330000000000000 0.016581016945427
4.340000000000000 0.016484311083452
4.350000000000001 0.016389253652581
4.360000000000000 0.016295835147072
4.370000000000000 0.016204046225073
4.380000000000000 0.016113877707694
4.390000000000000 0.016025320578082
4.400000000000000 0.015938365980526
4.410000000000000 0.015853005219566
4.420000000000000 0.015769229759127
4.430000000000000 0.015687031221662
4.440000000000000 0.015606401387319
4.450000000000000 0.015527332193114
4.460000000000000 0.015449815732129
4.470000000000000 0.015373844252718
4.480000000000000 0.015299410157733
4.490000000000000 0.015226506003765
4.500000000000000 0.015155124500401
4.510000000000000 0.015085258509488
4.520000000000000 0.015016901044429
4.530000000000000 0.014950045269477
4.540000000000000 0.014884684499055
4.550000000000000 0.014820812197088
4.560000000000000 0.014758421976343
4.570000000000000 0.014697507597801
4.580000000000000 0.014638062970023
4.590000000000000 0.014580082148547
4.600000000000001 0.014523559335292
4.610000000000000 0.014468488877975
4.620000000000000 0.014414865269551
4.630000000000000 0.014362683147660
4.640000000000000 0.014311937294091
4.650000000000000 0.014262622634258
4.660000000000000 0.014214734236695
4.670000000000000 0.014168267312561
4.680000000000000 0.014123217215166
4.690000000000000 0.014079579439499
4.700000000000000 0.014037349621783
4.710000000000000 0.013996523539038
4.720000000000000 0.013957097108652
4.730000000000000 0.013919066387986
4.740000000000000 0.013882427573966
4.750000000000000 0.013847177002710
4.760000000000000 0.013813311149164
4.770000000000000 0.013780826626739
4.780000000000000 0.013749720186985
4.790000000000000 0.013719988719258
4.800000000000000 0.013691629250410
4.810000000000000 0.013664638944495
4.820000000000000 0.013639015102483
4.830000000000000 0.013614755161989
4.840000000000000 0.013591856697018
4.850000000000001 0.013570317417725
4.860000000000000 0.013550135170181
4.870000000000000 0.013531307936162
4.880000000000000 0.013513833832944
4.890000000000000 0.013497711113117
4.900000000000000 0.013482938164407
4.910000000000000 0.013469513509521
4.920000000000000 0.013457435805993
4.930000000000000 0.013446703846052
4.940000000000000 0.013437316556503
4.950000000000000 0.013429272998616
4.960000000000000 0.013422572368034
4.970000000000000 0.013417213994696
4.980000000000000 0.013413197342763
4.990000000000000 0.013410522010571
5.000000000000000 0.013409187730584
5.010000000000000 0.013409194369377
5.020000000000000 0.013410541927611
5.030000000000000 0.013413230540044
5.040000000000000 0.013417260475535
5.050000000000000 0.013422632137078
5.060000000000000 0.013429346061839
5.070000000000000 0.013437402921210
5.080000000000000 0.013446803520876
5.090000000000000 0.013457548800899
5.100000000000001 0.013469639835804
5.110000000000000 0.013483077834696
5.120000000000000 0.013497864141375
5.130000000000000 0.013514000234470
5.140000000000000 0.013531487727591
5.150000000000000 0.013550328369486
5.160000000000000 0.013570524044219
5.170000000000000 0.013592076771359
5.180000000000000 0.013614988706177
5.190000000000000 0.013639262139865
5.200000000000000 0.013664899499770
5.210000000000000 0.013691903349624
5.220000000000000 0.013720276389813
5.230000000000000 0.013750021457641
5.240000000000000 0.013781141527614
5.250000000000000 0.013813639711739
5.260000000000000 0.013847519259834
5.270000000000000 0.013882783559854
5.280000000000000 0.013919436138229
5.290000000000000 0.013957480660217
5.300000000000000 0.013996920930267
5.310000000000000 0.014037760892410
5.320000000000000 0.014080004630639
5.330000000000000 0.014123656369327
5.340000000000000 0.014168720473650
5.350000000000001 0.014215201450017
5.360000000000000 0.014263103946526
5.370000000000000 0.014312432753426
5.380000000000000 0.014363192803598
5.390000000000000 0.014415389173046
5.400000000000000 0.014469027081407
5.410000000000000 0.014524111892472
5.420000000000000 0.014580649114723
5.430000000000000 0.014638644401879
5.440000000000000 0.014698103553470
5.450000000000000 0.014759032515411
5.460000000000000 0.014821437380600
5.470000000000000 0.014885324389521
5.480000000000000 0.014950699930876
5.490000000000000 0.015017570542217
5.500000000000000 0.015085942910607
5.510000000000000 0.015155823873282
5.520000000000000 0.015227220418338
5.530000000000000 0.015300139685428
5.540000000000000 0.015374588966483
5.550000000000000 0.015450575706428
5.560000000000000 0.015528107503937
5.570000000000000 0.015607192112190
5.580000000000000 0.015687837439647
5.590000000000000 0.015770051550842
5.600000000000001 0.015853842667185
5.610000000000000 0.015939219167788
5.620000000000000 0.016026189590301
5.630000000000000 0.016114762631766
5.640000000000000 0.016204947149488
5.650000000000000 0.016296752161917
5.660000000000000 0.016390186849555
5.670000000000000 0.016485260555871
5.680000000000000 0.016581982788237
5.690000000000000 0.016680363218874
5.700000000000000 0.016780411685826
5.710000000000000 0.016882138193939
5.720000000000000 0.016985552915865
5.730000000000000 0.017090666193076
5.740000000000000 0.017197488536900
5.750000000000000 0.017306030629569
5.760000000000000 0.017416303325296
5.770000000000000 0.017528317651348
5.780000000000000 0.017642084809159
5.790000000000000 0.017757616175444
5.800000000000000 0.017874923303340
5.810000000000000 0.017994017923560
5.820000000000000 0.018114911945566
5.830000000000000 0.018237617458761
5.840000000000000 0.018362146733696
5.850000000000001 0.018488512223298
5.860000000000000 0.018616726564116
5.870000000000000 0.018746802577585
5.880000000000000 0.018878753271307
5.890000000000000 0.019012591840349
5.900000000000000 0.019148331668570
5.910000000000000 0.019285986329952
5.920000000000000 0.019425569589963
5.930000000000000 0.019567095406927
5.940000000000000 0.019710577933426
5.950000000000000 0.019856031517716
5.960000000000000 0.020003470705151
5.970000000000000 0.020152910239654
5.980000000000000 0.020304365065176
5.990000000000000 0.020457850327200
6.000000000000000 0.020613381374252
6.010000000000000 0.020770973759439
6.020000000000000 0.020930643241997
6.030000000000000 0.021092405788878
6.040000000000000 0.021256277576332
6.050000000000000 0.021422274991540
6.060000000000000 0.021590414634246
6.070000000000000 0.021760713318412
6.080000000000000 0.021933188073908
6.090000000000000 0.022107856148207
6.100000000000001 0.022284735008118
6.110000000000000 0.022463842341529
6.120000000000000 0.022645196059172
6.130000000000000 0.022828814296419
6.140000000000001 0.023014715415094
6.150000000000000 0.023202918005309
6.160000000000000 0.023393440887323
6.170000000000000 0.023586303113426
6.180000000000000 0.023781523969838
6.190000000000000 0.023979122978646
6.200000000000000 0.024179119899752
6.210000000000000 0.024381534732847
6.220000000000000 0.024586387719415
6.230000000000000 0.024793699344754
6.240000000000000 0.025003490340028
6.250000000000000 0.025215781684335
6.260000000000000 0.025430594606812
6.270000000000000 0.025647950588750
6.280000000000000 0.025867871365747
6.290000000000000 0.026090378929881
6.300000000000000 0.026315495531909
6.310000000000000 0.026543243683492
6.320000000000000 0.026773646159444
6.330000000000000 0.027006726000012
6.340000000000000 0.027242506513182
6.350000000000001 0.027481011277005
6.360000000000000 0.027722264141958
6.370000000000000 0.027966289233326
6.380000000000000 0.028213110953619
6.390000000000001 0.028462753985011
6.400000000000000 0.028715243291802
6.410000000000000 0.028970604122926
6.420000000000000 0.029228862014463
6.430000000000000 0.029490042792205
6.440000000000000 0.029754172574228
6.450000000000000 0.030021277773513
6.460000000000000 0.030291385100576
6.470000000000000 0.030564521566152
6.480000000000000 0.030840714483889
6.490000000000000 0.031119991473076
6.500000000000000 0.031402380461414
6.510000000000000 0.031687909687801
6.520000000000000 0.031976607705162
6.530000000000000 0.032268503383295
6.540000000000000 0.032563625911770
6.550000000000000 0.032862004802840
6.560000000000000 0.033163669894393
6.570000000000000 0.033468651352940
6.580000000000000 0.033776979676626
6.590000000000000 0.034088685698281
6.600000000000001 0.034403800588511
6.610000000000000 0.034722355858803
6.620000000000000 0.035044383364685
6.630000000000000 0.035369915308907
6.640000000000001 0.035698984244663
6.650000000000000 0.036031623078848
6.660000000000000 0.036367865075344
6.670000000000000 0.036707743858351
6.680000000000000 0.037051293415749
6.690000000000000 0.037398548102491
6.700000000000000 0.037749542644049
6.710000000000000 0.038104312139874
6.720000000000000 0.038462892066917
6.730000000000000 0.038825318283171
6.740000000000000 0.039191627031256
6.750000000000000 0.039561854942047
6.760000000000000 0.039936039038336
6.770000000000000 0.040314216738534
6.780000000000000 0.040696425860409
6.790000000000000 0.041082704624875
6.800000000000000 0.041473091659806
6.810000000000000 0.041867626003906
6.820000000000000 0.042266347110611
6.830000000000000 0.042669294852030
6.840000000000000 0.043076509522937
6.850000000000001 0.043488031844801
6.860000000000000 0.043903902969851
6.870000000000000 0.044324164485202
6.880000000000000 0.044748858417005
6.890000000000001 0.045178027234652
6.900000000000000 0.045611713855026
6.910000000000000 0.046049961646788
6.920000000000000 0.046492814434718
6.930000000000000 0.046940316504095
6.940000000000000 0.047392512605126
6.950000000000000 0.047849447957420
6.960000000000000 0.048311168254512
6.970000000000000 0.048777719668432
6.980000000000000 0.049249148854321
6.990000000000000 0.049725502955099
7.000000000000000 0.050206829606173
7.010000000000000 0.050693176940211
7.020000000000000 0.051184593591946
7.030000000000000 0.051681128703042
7.040000000000000 0.052182831927010
7.050000000000000 0.052689753434174
7.060000000000000 0.053201943916682
7.070000000000000 0.053719454593583
7.080000000000000 0.054242337215945
7.090000000000000 0.054770644072029
7.100000000000001 0.055304427992522
7.110000000000000 0.055843742355815
7.120000000000000 0.056388641093347
7.130000000000000 0.056939178694988
7.140000000000001 0.057495410214501
7.150000000000000 0.058057391275036
7.160000000000000 0.058625178074700
7.170000000000000 0.059198827392172
7.180000000000000 0.059778396592383
7.190000000000000 0.060363943632254
7.200000000000000 0.060955527066489
7.210000000000000 0.061553206053433
7.220000000000000 0.062157040360981
7.230000000000000 0.062767090372565
7.240000000000000 0.063383417093186
7.250000000000000 0.064006082155518
7.260000000000000 0.064635147826064
7.270000000000000 0.065270677011394
7.280000000000000 0.065912733264426
7.290000000000000 0.066561380790784
7.300000000000000 0.067216684455220
7.310000000000000 0.067878709788100
7.320000000000000 0.068547522991960
7.330000000000000 0.069223190948116
7.340000000000000 0.069905781223368
7.350000000000001 0.070595362076742
7.360000000000000 0.071292002466323
7.370000000000000 0.071995772056148
7.380000000000000 0.072706741223178
7.390000000000001 0.073424981064330
7.400000000000000 0.074150563403587
7.410000000000000 0.074883560799185
7.420000000000000 0.075624046550860
7.430000000000000 0.076372094707188
7.440000000000000 0.077127780072984
7.450000000000000 0.077891178216786
7.460000000000000 0.078662365478407
7.470000000000000 0.079441418976577
7.480000000000000 0.080228416616640
7.490000000000000 0.081023437098367
7.500000000000000 0.081826559923801
7.510000000000000 0.082637865405225
7.520000000000000 0.083457434673187
7.530000000000000 0.084285349684615
7.540000000000000 0.085121693231010
7.550000000000000 0.085966548946727
7.560000000000000 0.086820001317335
7.570000000000000 0.087682135688074
7.580000000000000 0.088553038272380
7.590000000000000 0.089432796160510
7.600000000000001 0.090321497328253
7.610000000000000 0.091219230645726
7.620000000000000 0.092126085886263
7.630000000000000 0.093042153735385
7.640000000000001 0.093967525799878
7.650000000000000 0.094902294616949
7.660000000000000 0.095846553663478
7.670000000000000 0.096800397365374
7.680000000000000 0.097763921107002
7.690000000000000 0.098737221240738
7.700000000000000 0.099720395096595
7.710000000000000 0.100713540991961
7.720000000000000 0.101716758241423
7.730000000000000 0.102730147166708
7.740000000000000 0.103753809106706
7.750000000000000 0.104787846427612
7.760000000000000 0.105832362533158
7.770000000000000 0.106887461874955
7.780000000000000 0.107953249962936
7.790000000000000 0.109029833375911
7.800000000000000 0.110117319772222
7.810000000000000 0.111215817900507
7.820000000000000 0.112325437610579
7.830000000000000 0.113446289864407
7.840000000000000 0.114578486747222
7.850000000000001 0.115722141478708
7.860000000000000 0.116877368424341
7.870000000000000 0.118044283106813
7.880000000000000 0.119223002217592
7.890000000000001 0.120413643628591
7.900000000000000 0.121616326403950
7.910000000000000 0.122831170811948
7.920000000000000 0.124058298337024
7.930000000000001 0.125297831691933
7.940000000000000 0.126549894830007
7.950000000000000 0.127814612957561
7.960000000000000 0.129092112546408
7.970000000000000 0.130382521346510
7.980000000000000 0.131685968398744
7.990000000000000 0.133002584047816
8.000000000000000 0.134332499955291
8.010000000000000 0.135675849112758
8.020000000000000 0.137032765855134
8.029999999999999 0.138403385874094
8.040000000000001 0.139787846231639
8.050000000000001 0.141186285373804
8.060000000000000 0.142598843144506
8.070000000000000 0.144025660799519
8.080000000000000 0.145466881020610
8.090000000000000 0.146922647929802
8.100000000000000 0.148393107103786
8.109999999999999 0.149878405588477
8.120000000000001 0.151378691913725
8.130000000000001 0.152894116108163
8.140000000000001 0.154424829714210
8.150000000000000 0.155970985803227
8.160000000000000 0.157532738990824
8.170000000000000 0.159110245452318
8.180000000000000 0.160703662938354
8.190000000000000 0.162313150790684
8.199999999999999 0.163938869958091
8.210000000000001 0.165580983012492
8.220000000000001 0.167239654165195
8.230000000000000 0.168915049283311
8.240000000000000 0.170607335906354
8.250000000000000 0.172316683262988
8.260000000000000 0.174043262287944
8.270000000000000 0.175787245639131
8.279999999999999 0.177548807714878
8.290000000000001 0.179328124671397
8.300000000000001 0.181125374440384
8.310000000000000 0.182940736746813
8.320000000000000 0.184774393126916
8.330000000000000 0.186626526946331
8.340000000000000 0.188497323418439
8.350000000000000 0.190386969622888
8.359999999999999 0.192295654524298
8.370000000000001 0.194223568991160
8.380000000000001 0.196170905814922
8.390000000000001 0.198137859729263
8.400000000000000 0.200124627429577
8.410000000000000 0.202131407592635
8.420000000000000 0.204158400896451
8.430000000000000 0.206205810040357
8.440000000000000 0.208273839765266
8.449999999999999 0.210362696874151
8.460000000000001 0.212472590252723
8.470000000000001 0.214603730890321
8.480000000000000 0.216756331901008
8.490000000000000 0.218930608544886
8.500000000000000 0.221126778249619
8.510000000000000 0.223345060632178
8.520000000000000 0.225585677520798
8.529999999999999 0.227848852977171
8.540000000000001 0.230134813318843
8.550000000000001 0.232443787141846
8.560000000000000 0.234776005343560
8.570000000000000 0.237131701145812
8.580000000000000 0.239511110118179
8.590000000000000 0.241914470201557
8.600000000000000 0.244342021731955
8.609999999999999 0.246794007464526
8.620000000000001 0.249270672597843
8.630000000000001 0.251772264798422
8.640000000000001 0.254299034225482
8.650000000000000 0.256851233555964
8.660000000000000 0.259429118009802
8.670000000000000 0.262032945375440
8.680000000000000 0.264662976035619
8.690000000000000 0.267319472993400
8.700000000000001 0.270002701898480
8.710000000000001 0.272712931073751
8.720000000000001 0.275450431542131
8.730000000000000 0.278215477053666
8.740000000000000 0.281008344112907
8.750000000000000 0.283829312006560
8.760000000000000 0.286678662831414
8.770000000000000 0.289556681522552
8.779999999999999 0.292463655881842
8.790000000000001 0.295399876606721
8.800000000000001 0.298365637319262
8.810000000000000 0.301361234595534
8.820000000000000 0.304386967995268
8.830000000000000 0.307443140091801
8.840000000000000 0.310530056502345
8.850000000000000 0.313648025918541
8.859999999999999 0.316797360137327
8.870000000000001 0.319978374092130
8.880000000000001 0.323191385884346
8.890000000000001 0.326436716815148
8.900000000000000 0.329714691417633
8.910000000000000 0.333025637489261
8.920000000000000 0.336369886124639
8.930000000000000 0.339747771748631
8.940000000000000 0.343159632149798
8.950000000000001 0.346605808514183
8.960000000000001 0.350086645459420
8.970000000000001 0.353602491069203
8.980000000000000 0.357153696928094
8.990000000000000 0.360740618156679
9.000000000000000 0.364363613447081
9.010000000000000 0.368023045098828
9.020000000000000 0.371719279055088
9.029999999999999 0.375452684939253
9.040000000000001 0.379223636091916
9.050000000000001 0.383032509608186
9.060000000000000 0.386879686375419
9.070000000000000 0.390765551111290
9.080000000000000 0.394690492402273
9.090000000000000 0.398654902742496
9.100000000000000 0.402659178572994
9.109999999999999 0.406703720321351
9.120000000000001 0.410788932441739
9.130000000000001 0.414915223455375
9.140000000000001 0.419083005991357
9.150000000000000 0.423292696827939
9.160000000000000 0.427544716934203
9.170000000000000 0.431839491512165
9.180000000000000 0.436177450039278
9.190000000000000 0.440559026311394
9.200000000000001 0.444984658486144
9.210000000000001 0.449454789126741
9.220000000000001 0.453969865246252
9.230000000000000 0.458530338352287
9.240000000000000 0.463136664492159
9.250000000000000 0.467789304298478
9.260000000000000 0.472488723035229
9.270000000000000 0.477235390644283
9.279999999999999 0.482029781792403
9.290000000000001 0.486872375918702
9.300000000000001 0.491763657282596
9.310000000000000 0.496704115012219
9.320000000000000 0.501694243153343
9.330000000000000 0.506734540718783
9.340000000000000 0.511825511738295
9.350000000000000 0.516967665308983
9.359999999999999 0.522161515646202
9.370000000000001 0.527407582134987
9.380000000000001 0.532706389381981
9.390000000000001 0.538058467267916
9.400000000000000 0.543464351000579
9.410000000000000 0.548924581168342
9.420000000000000 0.554439703794224
9.430000000000000 0.560010270390484
9.440000000000000 0.565636838013783
9.450000000000001 0.571319969320884
9.460000000000001 0.577060232624918
9.470000000000001 0.582858201952215
9.480000000000000 0.588714457099708
9.490000000000000 0.594629583692909
9.500000000000000 0.600604173244480
9.510000000000000 0.606638823213376
9.520000000000000 0.612734137064594
9.529999999999999 0.618890724329519
9.540000000000001 0.625109200666878
9.550000000000001 0.631390187924302
9.560000000000000 0.637734314200521
9.570000000000000 0.644142213908160
9.580000000000000 0.650614527837190
9.590000000000000 0.657151903219003
9.600000000000000 0.663754993791137
9.609999999999999 0.670424459862650
9.620000000000001 0.677160968380150
9.630000000000001 0.683965192994487
9.640000000000001 0.690837814128125
9.650000000000000 0.697779519043174
9.660000000000000 0.704791001910128
9.670000000000000 0.711872963877273
9.680000000000000 0.719026113140806
9.690000000000000 0.726251165015652
9.700000000000001 0.733548842007000
9.710000000000001 0.740919873882547
9.720000000000001 0.748364997745484
9.730000000000000 0.755884958108195
9.740000000000000 0.763480506966717
9.750000000000000 0.771152403875935
9.760000000000000 0.778901416025539
9.770000000000000 0.786728318316745
9.779999999999999 0.794633893439784
9.790000000000001 0.802618931952168
9.800000000000001 0.810684232357746
9.810000000000000 0.818830601186560
9.820000000000000 0.827058853075494
9.830000000000000 0.835369810849736
9.840000000000000 0.843764305605061
9.850000000000000 0.852243176790947
9.859999999999999 0.860807272294511
9.870000000000001 0.869457448525305
9.880000000000001 0.878194570500950
9.890000000000001 0.887019511933646
9.900000000000000 0.895933155317535
9.910000000000000 0.904936392016954
9.920000000000000 0.914030122364025
9.930000000000000 0.923215255708123
9.940000000000000 0.932492710581946
9.950000000000001 0.941863414726300
9.960000000000001 0.951328305215361
9.970000000000001 0.960888328533694
9.980000000000000 0.970544440687510
9.990000000000000 0.980297607283684
10.000000000000000 0.990148803642833
